2586.1
3109.8
3189.1
3487.2
3865.0
3967.9
4019.2
4094.5
4279.4
4330.1
4376.2
4515.2
4544.7
4561.1
4635.0
4640.6
4653.1
4701.7
4705.4
4713.5
4739.8
4789.5
4817.6
4918.5
4937.3
4944.9
4983.8
5006.6
5032.3
5073.0
5077.8
5193.0
5233.1
5422.2
5512.8
5541.0
5604.0
5745.1
5808.0
5811.1
5812.7
5906.0
5982.3
5993.6
5996.0
6004.9
6045.5
6048.5
6048.7
6200.2
6203.8
6219.2
6244.0
6259.5
6281.3
6420.9
6422.4
6480.0
6493.4
6578.4
6584.5
6599.6
6602.9
6604.6
6605.7
6931.8
6960.3
6983.1
7018.3
7033.6
7042.9
7075.4
7138.1
7192.7
7204.4
7286.5
7298.2
7319.9
7389.0
7419.1
7470.8
7506.9
7512.0
7520.2
7544.3
7546.8
7609.0
7625.1
7628.7
7630.0
7662.8
7698.3
7699.5
7714.0
7762.0
7782.4
7944.8
8009.8
8069.1
8214.7
8248.4
8263.5
8316.5
8349.8
8362.4
8449.6
8450.7
8478.5
8486.6
8763.1
8863.8
8876.7
8891.9
8910.7
8971.5
8994.0
9123.4
9174.8
9311.0
9375.4
9397.9
9449.0
9581.0
9663.6
9670.0
9713.2
9736.0
9761.5
9807.2
9903.0
9913.8
9921.8
9960.1
10003.6
10020.5
10088.2
10121.8
10220.8
10309.7
10311.2
10368.8
10405.2
10651.8
10680.8
10705.1
10746.7
10880.2
10928.8
10935.1
10999.4
11052.0
11053.4
11106.9
11229.7
11240.8
11352.4
11388.9
11389.5
11454.0
11455.5
11479.8
11483.5
11563.0
11571.5
11589.0
11744.8
11812.1
11877.8
11880.6
11895.1
12047.0
12061.7
12077.6
12106.0
12119.3
12140.6
12158.8
12342.9
12346.7
12596.8
12632.0
12710.6
12717.3
12725.9
12822.8
12934.3
12970.6
12993.0
13060.9
13069.0
13095.8
13117.9
13183.6
13187.6
13197.1
13254.4
13263.2
13267.8
13336.8
13351.3
13415.9
13457.0
13483.2
13540.8
13710.0
13769.4
13800.5
13814.9
13884.0
13942.3
13996.0
14052.5
14065.5
14141.8
14190.7
14219.9
14242.6
14246.1
14255.9
14271.8
14279.5
14523.9
14527.0
14562.1
14576.5
14580.8
14683.6
14703.5
14710.6
14808.2
14845.1
14942.7
14960.5
15065.6
15101.4
15162.9
15187.9
15199.6
15218.0
15319.4
15431.2
15533.1
15585.7
15612.9
15614.7
15760.6
15761.1
15826.7
15850.3
15860.0
15888.1
15896.1
15948.9
15975.2
16006.3
16068.9
16185.6
16187.2
16200.3
16210.8
16358.4
16360.2
16361.2
16383.0
16413.2
16474.2
16481.6
16509.9
16570.9
16584.1
16594.5
16630.8
16650.1
16729.3
16742.8
16988.9
16993.3
17041.5
17045.7
17054.3
17086.5
17175.4
17195.9
17220.8
17284.7
17294.8
17378.5
17453.1
17576.7
17590.7
17600.0
17605.8
17689.0
17704.1
17759.8
17868.9
17871.0
17929.1
17963.0
18011.6
18038.5
18046.8
18057.1
18082.3
18103.8
18181.2
18265.6
18277.3
18438.6
18508.0
18544.5
18569.1
18642.1
18802.7
18866.6
18866.9
18910.9
18911.5
18912.4
18925.2
18981.8
19067.1
19083.2
19105.0
19121.6
19130.0
19155.8
19279.0
19326.7
19348.6
19359.1
19415.4
19422.4
19425.5
19494.0
19499.4
19502.3
19519.4
19669.3
19672.0
19710.0
19732.8
19804.9
19813.6
19817.0
19828.2
19863.3
19864.7
19932.7
19966.6
19995.2
20096.4
20104.1
20121.9
20171.6
20204.9
20361.5
20375.6
20398.9
20416.3
20417.0
20422.8
20426.0
20577.4
20649.9
20656.5
20679.7
20684.3
20693.2
20694.2
20768.4
20808.8
20828.4
20890.7
20913.8
20999.8
21000.0
21019.9
21059.7
21080.0
21089.0
21119.5
21134.4
21152.5
21202.5
21241.6
21280.2
21296.1
21306.7
21316.3
21329.7
21437.1
21459.5
21534.7
21572.3
21593.6
21627.2
21628.2
21633.8
21668.7
21721.6
21730.2
21741.8
21763.8
21856.6
21874.1
21941.0
21951.3
21957.5
21967.7
21973.2
22009.2
22022.8
22052.5
22064.0
22140.8
22199.2
22217.0
22254.0
22256.2
22322.3
22413.6
22486.5
22522.9
22570.3
22589.5
22730.9
22741.9
22749.5
22758.4
22762.3
22767.7
22803.8
22820.0
22874.5
22929.2
22932.2
22937.6
22942.8
22964.3
23000.0
23014.4
23057.2
23133.5
23151.7
23176.3
23195.5
23216.2
23267.8
23281.6
23326.4
23333.0
23368.1
23372.6
23393.0
23410.9
23422.8
23424.7
23598.4
23638.7
23664.0
23730.9
23755.6
23766.9
23896.5
23906.9
23919.7
23926.0
23937.0
23992.5
24009.4
24049.7
24060.3
24076.7
24187.9
24247.6
24283.3
24322.9
24331.1
24365.5
24368.4
24404.2
24423.5
24472.1
24478.9
24539.0
24554.2
24580.9
24583.7
24589.2
24593.4
24630.1
24682.0
24745.2
24770.1
24785.8
24792.3
24796.5
24810.5
24871.6
24930.5
24975.5
25005.9
25025.1
25055.2
25063.0
25071.1
25087.0
25186.4
25190.2
25227.8
25366.3
25406.7
25471.1
25486.3
25497.0
25576.2
25586.9
25644.0
25646.8
25674.3
25677.9
25701.1
25816.2
25934.4
25991.0
26006.7
26028.3
26339.1
26393.5
26400.0
26400.1
26412.2
26428.7
26433.0
26456.1
26458.0
26567.6
26649.0
26661.3
26751.8
26868.9
26947.1
26994.8
27062.0
27076.7
27095.3
27227.2
27238.0
27292.5
27315.4
27395.4
27486.6
27506.8
27573.5
27594.9
27606.7
27702.7
27716.8
27750.1
27768.0
27930.4
27953.7
27983.2
28029.5
28072.0
28165.5
28169.6
28193.3
28224.2
28294.3
28338.4
28383.3
28462.8
28506.5
28512.2
28512.5
28565.5
28565.8
28638.6
28657.2
28657.5
28696.6
28704.4
28729.5
28741.6
28745.5
28799.8
28842.1
28872.8
28880.5
28883.2
28917.1
28948.0
29010.0
29029.8
29035.3
29205.8
29244.3
29250.5
29373.8
29382.0
29399.7
29406.9
29455.8
29472.1
29510.0
29542.3
29596.7
29608.9
29612.1
29645.1
29648.5
29678.9
29694.0
29732.0
29739.5
29750.9
29754.7
29788.2
29833.0
29843.0
30058.5
30082.8
30088.4
30097.7
30132.1
30158.4
30227.7
30259.4
30265.8
30300.8
30356.2
30356.9
30405.8
30423.7
30527.7
30596.1
30597.1
30623.0
30647.4
30713.1
30764.2
30869.1
30928.2
31107.1
31135.9
31162.5
31182.2
31193.7
31297.8
31311.1
31365.9
31372.9
31410.3
31434.2
31501.1
31503.3
31562.0
31616.0
31720.7
31723.2
31760.7
31785.1
31837.1
31848.6
31855.3
31857.1
31967.5
31992.5
32069.8
32089.2
32113.0
32143.4
32180.1
32317.2
32324.6
32370.1
32391.7
32407.8
32462.7
32485.1
32503.2
32517.2
32613.8
32640.6
32652.1
32659.2
32683.7
32685.1
32704.8
32726.5
32781.2
32862.3
32880.8
32906.7
32956.1
32986.1
33008.6
33058.2
33125.8
33178.7
33185.2
33233.0
33276.2
33312.1
33442.8
33508.1
33570.5
33605.5
33609.9
33612.1
33667.1
33840.5
33887.1
33892.0
33906.4
33979.5
34055.3
34059.4
34103.0
34215.0
34447.5
34537.4
34539.8
34590.1
34590.3
34604.0
34613.5
34681.1
34781.0
34837.2
34874.4
34887.2
34938.1
35005.3
35035.8
35042.8
35074.1
35104.3
35119.4
35202.0
35245.1
35532.1
35722.7
35827.9
35845.1
35921.9
35940.5
35940.5
36043.9
36057.5
36101.2
36123.6
36154.4
36174.2
36276.4
36288.4
36324.0
36368.6
36403.6
36419.4
36685.8
36713.3
36732.4
36743.6
36779.6
36855.4
36966.4
36974.4
37003.3
37060.2
37131.8
37138.4
37303.4
37416.3
37538.1
37545.4
37618.8
37620.8
37638.2
37705.9
37711.6
37726.8
37752.0
37901.0
37949.1
37984.1
38125.3
38208.2
38359.7
38601.5
38645.2
38648.0
38690.8
38782.8
38902.9
39068.4
39222.5
39226.3
39289.9
39324.5
39362.0
39472.4
39654.3
39698.6
39750.2
39776.4
39837.0
39854.7
39899.9
39986.1
40068.7
40128.3
40448.7
40534.3
40538.5
40665.0
40679.4
40978.1
41032.0
41037.6
41246.0
41416.8
41600.6
41857.5
41878.9
42003.6
42187.6
42307.0
42622.1
42807.7
42855.0
42895.1
42909.2
43145.4
43331.9
43366.6
43606.7
43676.5
43712.5
43766.8
43779.5
43799.7
43916.0
44428.0
44559.0
44564.0
44598.7
44608.7
44730.1
44820.3
44841.6
44870.5
44873.9
44892.9
44909.2
45036.1
45085.5
45096.7
45123.4
45128.6
45323.3
45376.0
45414.2
45493.7
45703.2
45711.2
45876.7
45956.0
46010.4
46105.4
46287.0
46299.5
46590.8
46679.1
46980.7
47009.1
47029.5
47055.7
47163.0
47175.2
47256.0
47332.1
47442.9
47509.1
47565.9
47696.8
47780.3
47844.8
47885.0
48035.0
48372.0
48469.2
48521.1
48586.9
48782.3
48872.2
48873.2
49021.4
49187.6
49348.2
49375.3
49500.3
49601.1
49602.3
49789.2
49862.5
49903.1
49903.3
49978.3
50158.2
50450.7
50601.6
50620.1
50804.9
50975.3
51272.5
51314.9
51597.7
51675.0
51807.8
51870.1
52019.9
52143.2
52225.6
52359.9
52387.2
52579.6
52779.3
52895.7
53076.8
53323.9
53390.4
53525.1
53724.9
53976.6
53998.0
54407.1
54442.2
54489.7
54683.5
55009.0
55199.1
55267.9
55527.8
55776.9
56273.8
56711.9
56857.8
57225.3
57532.0
57757.7
57858.7
57941.9
58377.3
58426.0
58525.2
58639.8
59646.3
59687.0
60295.4
60645.2
60740.8
60827.2
60966.8
61206.0
61331.2
61412.3
62003.5
62040.6
62153.4
62447.0
63243.3
63364.7
63502.1
63873.1
64296.0
64695.4
64879.3
64885.4
65461.1
66169.6
67112.1
67379.4
67532.4
67569.3
68869.4
69587.9
70312.1
70644.6
70731.9
71653.2
71786.5
72023.0
72366.8
76192.3
77288.1
93522.3
93869.5
