20139.6
20716.1
21422.0
21798.2
22571.8
22817.9
23686.1
23812.5
24174.3
24290.6
24380.3
24675.5
25262.8
25437.8
25455.7
25463.1
25581.1
25759.1
26036.2
26049.0
26085.8
26220.5
26301.7
26604.0
26891.5
27320.8
27348.5
27428.4
27449.9
27454.1
27481.8
27617.0
27782.5
27802.2
27854.7
27876.0
27940.8
27956.2
28102.5
28145.5
28159.5
28237.0
28255.1
28298.8
28340.2
28501.8
28551.0
28552.9
28559.3
28580.4
28629.5
28724.9
28874.5
28899.6
29001.1
29018.9
29065.8
29096.0
29182.3
29212.1
29297.8
29326.6
29431.1
29452.9
29500.8
29547.9
29602.1
29658.5
29759.9
29784.1
29816.2
29924.6
29999.9
30002.1
30046.3
30137.4
30191.6
30233.4
30304.7
30306.0
30318.3
30366.8
30416.5
30592.8
30613.6
30622.0
30683.1
30776.9
30858.8
30911.1
30930.7
30971.3
31132.5
31176.4
31239.3
31240.1
31411.5
31433.7
31437.2
31439.3
31449.9
31522.5
31563.0
31735.5
31754.8
31757.1
31770.2
31806.2
31817.3
31866.4
31866.4
31924.7
32023.8
32048.9
32065.5
32087.3
32099.9
32117.3
32135.5
32137.4
32213.5
32224.8
32273.0
32292.8
32298.3
32364.2
32398.5
32402.9
32425.6
32450.8
32454.6
32456.8
32463.5
32497.7
32499.0
32523.0
32543.4
32574.3
32597.4
32597.7
32686.0
32736.3
32736.7
32781.6
32834.2
32846.6
32866.9
32897.0
32918.2
32918.3
32997.1
33051.0
33060.8
33090.6
33102.4
33114.6
33131.2
33140.5
33154.6
33174.3
33260.4
33272.7
33274.0
33285.1
33299.0
33314.6
33317.2
33373.7
33455.8
33480.8
33498.1
33510.7
33542.7
33549.0
33571.4
33572.0
33584.8
33611.6
33625.1
33626.0
33683.2
33687.2
33723.5
33726.3
33785.3
33818.3
33833.0
33856.3
33862.9
33881.0
33978.3
33981.7
34021.8
34049.0
34066.9
34116.3
34140.3
34142.4
34142.5
34160.0
34162.7
34164.3
34230.2
34246.4
34246.9
34247.4
34258.0
34306.4
34336.5
34344.1
34404.9
34405.2
34424.3
34432.3
34443.2
34464.4
34471.0
34518.2
34539.2
34555.9
34557.7
34558.0
34561.9
34577.7
34599.4
34602.9
34607.4
34615.6
34624.7
34657.4
34666.4
34685.3
34690.0
34719.0
34740.5
34755.7
34756.0
34762.4
34777.5
34813.2
34814.8
34834.9
34908.8
34925.2
34932.5
34942.5
35037.5
35037.5
35068.2
35079.4
35101.1
35129.6
35132.1
35181.2
35218.2
35226.5
35233.3
35272.6
35288.3
35320.4
35321.4
35345.2
35346.7
35355.3
35423.3
35470.0
35478.5
35527.1
35535.3
35555.1
35583.1
35602.8
35613.1
35614.0
35627.2
35629.8
35698.6
35708.5
35734.6
35745.8
35765.4
35786.7
35799.8
35838.1
35846.6
35886.4
35909.8
35951.3
35993.6
36018.5
36031.8
36048.3
36071.8
36085.5
36093.4
36161.2
36175.4
36184.4
36186.2
36195.3
36227.6
36272.3
36286.4
36287.1
36319.2
36336.5
36384.8
36386.3
36389.8
36400.8
36418.3
36442.2
36454.4
36498.0
36548.6
36550.6
36551.7
36553.2
36559.1
36580.0
36611.2
36617.7
36629.8
36639.2
36643.8
36644.8
36655.9
36677.2
36691.6
36710.4
36714.9
36720.6
36750.6
36762.5
36772.1
36802.5
36804.7
36815.0
36891.2
36904.5
36917.2
36924.2
36928.6
36942.3
36945.0
36945.5
36951.0
36961.4
36968.5
36999.2
37025.6
37058.1
37060.2
37067.5
37078.5
37085.1
37098.3
37115.5
37119.3
37135.7
37147.4
37162.2
37171.4
37189.0
37193.9
37233.3
37239.6
37251.0
37251.9
37253.5
37258.2
37271.5
37345.2
37355.1
37368.0
37470.1
37471.1
37539.5
37582.2
37595.1
37604.8
37613.5
37615.6
37619.4
37633.6
37667.7
37680.7
37681.7
37736.5
37748.2
37760.9
37764.2
37783.0
37865.5
37882.1
37883.8
37919.1
37958.5
38012.2
38022.2
38023.9
38028.2
38053.1
38069.4
38077.3
38101.0
38107.0
38108.8
38134.0
38145.4
38169.4
38184.4
38188.7
38189.9
38239.8
38243.4
38247.4
38266.4
38282.0
38319.6
38326.1
38440.4
38454.5
38461.0
38464.2
38477.1
38488.8
38496.6
38507.8
38512.4
38518.2
38522.6
38528.2
38530.9
38551.8
38578.1
38583.3
38591.7
38615.5
38632.1
38637.9
38654.8
38673.7
38680.2
38722.9
38750.6
38761.7
38767.1
38786.2
38802.5
38847.1
38859.2
38872.3
38886.5
38887.5
38894.5
38914.1
38917.2
38932.7
38942.7
38974.2
38977.0
39030.1
39055.5
39062.3
39070.5
39079.0
39082.9
39087.6
39104.1
39144.7
39148.0
39201.5
39237.1
39245.2
39247.6
39254.7
39267.6
39275.6
39324.9
39343.7
39355.1
39361.7
39370.7
39377.0
39385.1
39411.5
39444.0
39486.5
39497.7
39541.5
39543.7
39548.3
39557.9
39572.7
39606.4
39656.5
39658.4
39681.1
39691.8
39696.8
39701.0
39702.8
39752.1
39779.8
39784.5
39788.6
39829.5
39861.3
39886.0
39890.4
39901.2
39906.8
39924.0
39958.0
39967.6
39979.1
39995.8
40018.7
40056.3
40056.8
40059.3
40066.9
40103.7
40133.4
40155.1
40162.5
40174.1
40193.7
40196.9
40200.2
40204.9
40227.9
40252.6
40258.0
40261.4
40266.1
40286.3
40293.5
40312.9
40369.2
40369.3
40407.5
40434.1
40446.4
40595.7
40609.4
40623.9
40674.9
40700.5
40710.2
40718.2
40749.1
40750.2
40754.4
40803.1
40810.8
40816.8
40827.7
40901.0
40970.5
40974.0
40975.0
40997.1
41002.8
41015.8
41048.7
41062.0
41094.4
41105.0
41120.1
41123.8
41124.7
41144.0
41211.2
41213.4
41214.5
41250.5
41253.5
41277.5
41313.0
41318.0
41320.3
41338.6
41339.8
41343.9
41380.4
41394.0
41460.5
41474.8
41482.4
41506.5
41522.4
41525.7
41533.3
41560.7
41587.4
41651.9
41652.6
41686.2
41695.8
41710.6
41733.2
41738.0
41821.4
41855.6
41866.9
41873.6
41895.3
41898.9
41919.2
41965.2
41990.4
42032.8
42076.8
42095.6
42108.0
42139.5
42144.1
42232.4
42247.9
42287.8
42306.3
42320.5
42333.6
42335.6
42434.4
42474.2
42515.7
42545.6
42548.6
42575.0
42585.2
42585.3
42666.9
42674.3
42679.9
42747.3
42778.0
42788.6
42790.9
42832.4
42844.1
42898.7
42904.8
42905.1
42906.3
42924.2
42941.3
42941.9
42966.2
42982.6
43005.7
43016.3
43105.2
43160.8
43170.2
43185.9
43191.1
43220.4
43231.6
43231.9
43265.8
43304.9
43316.1
43316.4
43337.8
43346.7
43381.8
43403.7
43421.7
43432.0
43446.6
43458.5
43472.4
43473.0
43490.9
43531.3
43591.3
43621.8
43671.0
43686.9
43703.3
43703.5
43717.5
43725.5
43848.8
43895.2
43916.7
43925.0
43942.2
43945.4
43963.4
43976.3
43993.0
44055.3
44077.9
44092.3
44115.6
44136.0
44148.4
44165.7
44177.2
44195.9
44250.3
44281.2
44350.3
44352.9
44365.0
44413.7
44459.9
44463.0
44477.0
44479.1
44500.9
44507.1
44551.5
44567.4
44581.7
44589.3
44594.3
44594.9
44598.0
44622.1
44622.3
44624.6
44630.8
44690.8
44711.0
44753.9
44794.2
44797.9
44953.8
44999.2
45002.5
45020.8
45049.5
45064.0
45100.9
45105.5
45136.7
45140.2
45141.6
45169.2
45174.3
45180.3
45194.1
45194.5
45219.3
45236.7
45238.5
45252.4
45253.0
45261.9
45299.1
45350.8
45358.0
45358.8
45408.1
45434.7
45454.5
45534.5
45620.4
45638.8
45639.7
45682.9
45701.7
45730.7
45784.7
45791.7
45823.6
45858.9
45917.4
45921.8
45932.9
45941.6
45945.2
45967.7
45973.9
45974.8
46008.3
46025.6
46049.6
46085.3
46087.1
46114.2
46126.9
46236.7
46255.7
46265.5
46268.9
46376.2
46402.2
46437.5
46470.4
46480.1
46487.5
46535.1
46555.5
46589.0
46598.1
46613.2
46619.1
46627.1
46628.6
46648.6
46687.3
46689.5
46692.0
46695.2
46710.1
46732.7
46739.4
46772.2
46774.2
46790.0
46853.5
46950.7
46959.9
47040.6
47095.6
47115.3
47115.5
47125.4
47128.0
47133.7
47134.2
47175.4
47235.9
47238.9
47264.7
47284.4
47308.4
47341.2
47440.0
47460.1
47497.9
47502.3
47502.6
47633.4
47640.5
47691.5
47709.6
47786.3
47809.0
47842.2
47843.0
47886.2
47926.2
47941.7
47960.5
47966.7
48045.7
48082.0
48143.6
48147.8
48152.8
48171.5
48206.4
48221.7
48255.3
48261.5
48361.3
48385.1
48390.8
48428.1
48465.6
48544.4
48577.9
48590.5
48606.6
48654.0
48696.3
48733.1
48819.7
48820.6
48849.2
48851.2
48856.3
48864.6
48926.7
48935.0
48936.8
48955.7
49021.2
49083.4
49125.8
49181.0
49204.6
49242.3
49246.5
49291.0
49316.7
49345.6
49360.8
49378.2
49402.1
49419.1
49466.0
49493.2
49555.4
49605.7
49608.2
49657.1
49704.5
49708.3
49739.4
49789.0
49893.0
49901.9
49952.3
50003.9
50008.6
50039.0
50056.7
50219.5
50368.0
50588.2
50630.9
50638.0
50659.8
50676.8
50723.0
50920.8
51002.6
51012.6
51054.1
51119.0
51193.5
51204.5
51273.1
51304.8
51764.9
51835.0
51887.3
51971.6
52160.2
52200.7
52221.8
52237.8
52254.0
52272.3
52337.1
52349.2
52526.1
52597.1
52797.0
53121.3
53138.0
53195.7
53219.8
53258.8
53266.4
53495.2
53529.8
53645.9
53659.3
53704.3
53750.8
53792.2
53809.4
53868.3
53915.4
54377.6
54446.1
54551.1
54572.5
54596.2
54692.2
54915.7
55175.6
55189.0
55191.2
55236.7
55482.2
55540.0
55903.0
56466.7
56866.5
57123.6
57676.2
57764.5
58145.7
58411.2
58498.5
58590.0
58962.2
59027.3
60113.5
60151.1
60300.7
61521.5
61571.3
61632.2
62074.7
62283.9
62781.7
63454.7
64430.1
68392.6
