228.7
260.3
275.4
324.8
342.9
365.5
398.7
406.0
454.2
475.2
478.0
480.5
497.4
522.4
524.2
527.8
536.6
554.3
558.0
559.2
559.5
569.5
576.9
579.2
599.8
600.1
600.4
604.8
606.0
631.4
639.1
644.7
645.4
646.4
646.7
658.3
659.3
668.4
671.8
677.1
685.8
694.8
697.3
698.8
701.2
701.5
702.5
709.8
711.2
712.0
718.6
724.9
725.2
740.9
742.2
743.2
750.2
765.2
766.0
768.5
773.6
815.6
815.9
818.1
825.2
827.9
844.4
845.7
848.3
867.9
869.0
873.4
882.0
889.1
890.5
896.1
903.7
903.9
904.3
912.9
927.7
935.3
945.8
946.1
949.8
953.1
956.7
962.9
967.8
968.2
969.9
980.5
982.8
985.9
986.5
989.0
991.4
993.5
994.1
1000.0
1003.9
1005.0
1010.8
1020.8
1024.2
1024.3
1031.8
1034.4
1037.8
1041.3
1042.9
1053.7
1053.7
1057.0
1061.1
1062.8
1063.2
1069.0
1076.9
1081.5
1083.6
1084.5
1087.3
1091.7
1097.2
1100.8
1105.3
1124.1
1132.1
1148.6
1151.4
1151.7
1152.1
1158.8
1163.0
1167.1
1172.4
1174.6
1181.8
1205.7
1209.3
1209.3
1210.6
1214.1
1217.5
1219.7
1229.1
1238.1
1239.1
1242.1
1256.0
1257.1
1259.1
1265.2
1266.0
1266.0
1274.6
1274.9
1277.7
1283.8
1284.2
1284.3
1285.9
1292.3
1298.0
1301.4
1307.8
1327.4
1328.9
1335.0
1336.9
1339.1
1339.7
1344.2
1351.5
1356.1
1357.6
1359.9
1363.4
1365.2
1365.6
1373.4
1382.9
1388.7
1390.2
1391.5
1399.9
1401.2
1406.9
1411.1
1419.2
1423.5
1424.7
1426.8
1427.5
1429.0
1432.2
1436.0
1443.1
1443.2
1447.9
1448.0
1449.0
1449.9
1454.8
1464.9
1475.5
1476.0
1481.3
1486.0
1491.9
1498.8
1499.6
1507.1
1507.3
1509.5
1511.2
1513.5
1518.1
1520.1
1526.6
1527.7
1535.8
1536.3
1542.5
1548.9
1555.0
1557.2
1559.1
1563.0
1567.0
1568.8
1583.2
1591.6
1593.6
1595.1
1596.7
1619.8
1624.6
1625.9
1631.8
1640.4
1643.0
1648.8
1649.2
1650.0
1650.1
1652.7
1653.4
1655.0
1657.8
1662.2
1672.0
1672.8
1679.7
1685.4
1686.0
1689.4
1691.8
1698.6
1702.8
1704.3
1708.9
1711.8
1714.6
1716.5
1718.9
1723.2
1730.6
1730.8
1732.9
1736.3
1738.2
1739.4
1744.6
1746.6
1750.8
1756.0
1766.1
1766.7
1770.3
1776.0
1779.6
1782.5
1783.0
1784.4
1787.9
1790.4
1795.5
1805.8
1812.7
1813.9
1815.4
1817.5
1819.8
1821.3
1826.5
1833.4
1833.5
1843.1
1847.5
1847.7
1848.8
1848.8
1849.4
1850.0
1859.5
1876.4
1883.2
1884.6
1888.2
1889.7
1890.0
1890.0
1893.9
1894.7
1895.0
1895.5
1903.2
1903.5
1904.4
1905.6
1906.3
1910.3
1915.2
1915.9
1916.2
1923.0
1934.2
1951.7
1959.9
1961.0
1965.8
1974.5
1995.3
1997.8
2000.1
2002.8
2003.4
2008.8
2009.5
2011.9
2021.4
2032.3
2039.6
2049.3
2050.4
2061.9
2062.6
2062.7
2064.3
2068.0
2076.4
2080.0
2083.3
2086.5
2088.2
2090.6
2092.4
2106.5
2109.5
2120.3
2122.6
2125.9
2128.1
2146.7
2147.0
2147.0
2159.9
2165.8
2174.2
2176.2
2186.1
2189.0
2194.3
2199.9
2199.9
2203.5
2206.4
2208.5
2210.2
2230.5
2237.0
2245.5
2246.2
2246.6
2251.3
2264.1
2283.9
2285.2
2288.2
2299.0
2300.7
2314.3
2318.8
2319.4
2333.1
2335.1
2336.2
2337.1
2337.8
2340.5
2343.3
2357.7
2379.8
2384.2
2389.4
2393.7
2405.7
2407.8
2415.2
2425.3
2428.3
2436.2
2437.9
2438.4
2460.5
2464.5
2471.9
2487.4
2489.5
2489.7
2489.8
2503.0
2505.5
2523.5
2528.4
2541.5
2544.9
2551.2
2556.9
2557.2
2559.8
2560.7
2564.2
2566.0
2567.5
2568.9
2570.9
2572.1
2577.5
2578.7
2584.1
2587.2
2589.0
2594.0
2597.5
2599.2
2601.5
2607.5
2608.6
2620.2
2623.6
2634.3
2638.4
2638.5
2638.6
2645.1
2649.4
2653.8
2656.2
2664.9
2668.3
2670.0
2675.4
2683.8
2687.2
2688.0
2696.0
2701.4
2711.9
2714.2
2720.4
2720.6
2722.7
2724.4
2725.9
2738.6
2746.1
2748.5
2752.0
2759.5
2766.9
2770.8
2774.2
2774.9
2776.4
2784.0
2790.9
2798.6
2801.3
2802.9
2805.0
2808.9
2809.4
2809.7
2815.5
2819.3
2820.6
2822.9
2823.0
2823.7
2835.8
2846.5
2852.0
2854.5
2857.3
2862.6
2869.8
2871.8
2877.2
2889.5
2894.1
2896.2
2896.9
2906.9
2908.9
2910.4
2912.6
2915.3
2920.8
2922.2
2922.6
2947.6
2956.2
2957.0
2961.0
2966.3
2966.9
2967.8
2968.0
2972.5
2973.4
2975.0
2982.4
2991.1
3000.2
3005.5
3006.0
3007.0
3011.5
3011.5
3013.7
3016.9
3022.9
3027.8
3037.3
3041.6
3047.5
3055.2
3069.1
3074.9
3076.2
3080.5
3083.6
3097.5
3101.8
3102.2
3102.8
3107.1
3117.6
3123.6
3134.8
3142.2
3144.0
3156.3
3158.6
3161.8
3181.0
3184.9
3187.0
3188.1
3203.0
3206.2
3210.4
3210.8
3220.3
3223.3
3229.4
3229.5
3238.0
3238.0
3239.7
3240.3
3243.0
3244.9
3245.5
3246.8
3250.8
3253.0
3258.5
3261.8
3269.5
3274.1
3290.6
3300.8
3303.4
3303.9
3308.6
3309.4
3312.1
3314.0
3319.2
3319.4
3321.0
3328.0
3336.4
3345.0
3352.8
3353.6
3360.4
3381.3
3383.3
3383.4
3384.9
3387.7
3392.5
3396.0
3406.8
3413.1
3416.1
3416.5
3416.6
3419.3
3419.7
3423.9
3429.4
3437.0
3448.3
3468.8
3469.5
3473.9
3481.5
3484.0
3503.7
3531.6
3533.4
3542.4
3551.9
3571.2
3578.0
3580.5
3582.5
3585.9
3609.0
3610.8
3630.8
3631.3
3635.6
3650.9
3651.8
3659.9
3666.8
3673.7
3676.2
3688.3
3690.1
3691.7
3695.1
3701.0
3703.0
3704.9
3706.0
3708.2
3708.2
3720.6
3726.3
3731.0
3741.3
3742.0
3743.0
3748.5
3754.6
3758.0
3765.0
3769.1
3787.4
3790.8
3792.3
3796.5
3810.6
3826.3
3842.1
3844.5
3847.5
3871.5
3877.4
3879.3
3881.2
3903.5
3903.9
3905.3
3917.8
3935.5
3951.9
3962.4
3969.3
3978.4
3980.2
3987.0
3999.4
4000.3
4007.2
4021.9
4026.0
4049.8
4064.4
4067.1
4074.8
4081.5
4086.2
4091.1
4100.4
4101.4
4104.8
4104.9
4115.1
4120.8
4147.9
4149.0
4151.4
4154.5
4170.6
4171.0
4176.6
4177.5
4181.5
4192.3
4205.3
4206.8
4209.5
4211.2
4218.6
4239.9
4240.1
4241.3
4245.6
4263.8
4278.2
4278.9
4279.5
4296.3
4312.2
4323.1
4323.5
4323.9
4349.8
4356.8
4358.5
4367.3
4370.8
4371.5
4377.1
4387.5
4404.5
4430.8
4430.9
4446.0
4448.5
4449.5
4466.1
4470.8
4476.2
4483.6
4496.2
4503.2
4503.4
4504.6
4510.2
4516.8
4523.2
4526.5
4528.4
4535.4
4570.0
4582.5
4590.0
4593.1
4595.2
4601.5
4601.6
4636.0
4638.5
4638.6
4658.5
4665.5
4677.1
4680.5
4683.6
4685.5
4687.2
4693.5
4694.8
4698.1
4732.9
4741.0
4741.9
4742.7
4747.0
4756.5
4768.3
4775.5
4777.4
4791.0
4792.5
4793.5
4795.5
4814.1
4818.0
4818.4
4833.2
4855.7
4862.2
4868.3
4874.5
4885.3
4885.7
4889.2
4917.3
4928.7
4932.3
4952.9
4994.7
4995.8
5020.3
5023.3
5027.9
5036.7
5037.4
5040.7
5045.5
5053.6
5058.9
5060.8
5061.8
5085.8
5096.5
5100.4
5101.5
5118.1
5134.3
5135.0
5139.0
5156.9
5162.6
5165.8
5168.8
5173.8
5184.7
5204.8
5216.7
5233.5
5233.7
5241.6
5244.4
5261.1
5270.6
5278.6
5280.9
5283.1
5293.1
5293.4
5300.4
5309.0
5327.0
5330.0
5336.4
5337.7
5338.2
5347.6
5368.4
5374.1
5385.3
5408.9
5422.7
5430.6
5437.8
5442.7
5482.1
5483.5
5486.5
5498.5
5505.8
5506.1
5520.8
5537.6
5561.4
5604.1
5626.5
5627.8
5633.6
5642.7
5664.4
5669.4
5669.5
5672.8
5681.5
5691.9
5692.3
5692.8
5710.8
5719.8
5747.0
5773.6
5778.1
5789.6
5807.3
5859.0
5861.1
5887.4
5954.9
5982.6
6031.0
6063.5
6100.5
6146.4
6194.9
6212.0
6233.5
6238.8
6245.0
6272.6
6284.8
6306.8
6315.2
6324.9
6340.2
6346.6
6358.8
6385.4
6390.5
6409.0
6433.3
6435.5
6462.3
6472.5
6490.1
6502.7
6504.3
6514.8
6577.7
6614.9
6622.9
6627.0
6710.4
6730.4
6747.1
6781.7
6804.4
6831.1
6865.2
6872.3
6918.3
6997.8
7009.1
7124.0
7161.5
7190.8
7191.8
7272.4
7300.2
7301.5
7310.3
7373.0
7423.9
7437.8
7456.2
7471.4
7484.0
7510.4
7516.5
7579.5
7594.3
7604.8
7605.8
7624.1
7661.0
7885.6
7897.6
7905.4
7925.3
7933.9
7983.9
8028.1
8068.3
8082.0
8159.3
8256.3
8302.9
8376.9
8856.2
9092.8
9267.5
9518.3
9547.0
9768.6
9868.9
9876.8
10009.8
11393.3
