49775.4
62074.9
62191.3
64187.0
64338.7
64710.7
65204.0
65205.5
65902.9
67973.4
68386.3
68564.9
69179.0
69230.4
69366.8
70382.3
70612.9
70835.0
71486.5
71967.6
73330.2
74319.5
74697.9
75278.0
75352.8
75448.5
75587.6
75658.9
75722.8
75943.9
76044.3
76266.7
76296.9
76732.5
76786.7
77214.5
77272.0
77529.6
77867.0
78004.2
78012.6
78066.8
78166.6
78179.1
78581.0
78764.9
78820.3
79020.5
79024.9
79047.3
79618.8
79903.2
79927.9
80042.3
80570.3
80841.1
80981.6
81111.5
81120.8
81125.9
81218.6
81268.4
81596.3
81630.6
81840.5
81975.6
82003.2
82194.4
82326.0
82527.5
82705.5
82949.4
83170.6
83323.0
83493.8
83757.5
83764.9
83824.6
83838.6
83918.7
83981.4
84175.8
84433.5
84448.5
84660.0
84740.4
84769.8
85009.0
85188.9
85340.9
85374.3
85452.5
85526.9
85582.8
85603.8
86370.2
86492.0
86493.7
86606.7
86669.3
86676.2
86750.0
86767.0
87045.3
87093.7
87234.9
87401.5
87688.1
87892.6
87943.2
88183.5
88321.7
88337.9
88387.0
88663.8
88718.4
88724.7
88867.2
89032.6
89220.5
89630.7
89650.2
89921.9
89931.8
90193.4
90342.0
90346.3
90349.8
90436.8
90712.5
90734.5
90767.7
90823.3
90979.3
91004.3
91032.0
91039.1
91046.5
91207.0
91318.2
91554.3
91656.0
91663.8
91725.0
91944.0
91968.8
92005.7
92103.6
92219.4
92229.2
92330.8
92353.6
92439.0
92623.6
92849.7
92935.8
93001.6
93111.0
93138.3
93297.3
93301.3
93424.2
93450.7
93495.9
93522.2
93754.9
93819.7
93886.9
93979.8
94004.3
94092.3
94094.9
94266.8
94351.8
94701.0
94719.3
94771.6
94959.6
95101.9
95149.8
95173.9
95200.9
95320.2
95461.5
95523.1
95530.6
95642.6
95745.4
95746.7
95949.3
96082.0
96097.9
96218.8
96411.9
96442.7
96468.0
96552.8
96615.2
96801.2
96915.9
96983.2
96995.3
97240.5
97249.5
97252.1
97300.6
97313.7
97361.1
97452.0
97477.2
97478.3
97483.7
97515.3
97536.9
97801.1
97822.0
97831.9
97913.7
97936.7
98023.3
98085.3
98088.0
98144.9
98178.5
98411.4
98630.0
98740.1
98773.3
98920.6
98965.5
99301.5
99312.3
99595.5
99663.4
99749.4
99750.3
99787.4
99826.6
99922.0
100122.1
100242.9
100324.7
100667.4
100672.3
100766.8
100934.6
100957.3
100962.5
101727.4
101738.5
101784.9
101802.0
102052.9
102113.4
102171.6
102245.5
102258.3
102433.8
102487.2
102616.5
102695.5
102716.4
102754.2
102819.2
103130.7
103172.5
103206.2
103358.5
103383.8
103404.3
103508.9
103558.1
103567.7
103600.0
103620.7
103641.9
103642.9
103772.4
103840.5
103867.7
103922.3
103992.6
104003.7
104117.2
104143.1
104162.8
104172.3
104301.7
104465.5
104495.0
104650.1
105202.7
105234.3
105305.0
105448.7
105502.6
105592.4
105593.6
105617.3
105772.4
105807.9
105877.1
105892.6
105921.7
105965.3
106052.3
106124.7
106348.5
106436.5
106448.4
107093.6
107199.0
107250.6
107262.9
107430.5
107533.2
107748.5
107754.6
108072.2
108076.0
108133.5
108292.3
108498.6
108512.4
108533.9
108734.6
108760.3
108895.6
108919.6
108952.0
109029.1
109033.9
109081.5
109133.8
109150.2
109326.6
109415.5
109525.5
109548.3
109615.9
109620.8
109645.4
109667.0
109857.2
109902.5
109916.6
110034.3
110145.6
110452.0
110466.4
110619.2
110645.5
110742.1
110888.5
110972.0
110995.6
111033.9
111079.2
111083.1
111292.5
111365.8
111434.7
111620.5
111624.4
111713.5
111739.0
111871.9
112002.5
112010.4
112165.4
112208.3
112303.1
112383.7
112388.3
112448.3
112457.9
112751.9
112852.1
112878.6
112892.6
112958.0
113018.8
113110.5
113128.8
113167.2
113190.0
113214.1
113402.3
113460.0
113685.0
113699.7
113782.0
113794.8
113823.3
113827.6
113858.8
113886.0
113949.4
114022.4
114112.8
114443.3
114499.6
114611.5
114613.9
114671.3
114677.7
114793.3
114881.2
114911.5
114991.5
115010.8
115039.0
115177.8
115271.4
115411.1
115447.3
115460.8
115522.0
115614.5
115874.1
115916.8
116082.3
116178.3
116351.1
116355.2
116358.9
116372.6
116499.2
116564.2
116578.6
116846.6
117062.3
117163.7
117243.1
117262.2
117268.5
117368.5
117417.5
117451.0
117471.5
117581.4
117613.0
117701.4
117796.8
118070.5
118215.5
118230.2
118319.3
118333.5
118593.3
118603.5
118603.6
118919.3
119184.0
119379.7
119436.6
119541.8
119562.8
119598.5
119617.6
119668.3
119672.3
119733.4
119870.7
119871.9
120084.6
120164.5
120361.7
120641.1
120664.2
120744.9
120794.1
120859.3
120937.0
120949.3
120949.5
120962.6
121035.2
121310.6
121356.4
121373.7
121494.1
121515.1
121533.0
121586.3
121679.2
121811.4
121821.1
121870.0
122067.9
122113.5
122233.0
122303.4
122310.3
122335.3
122382.8
122437.3
122552.1
122639.2
122652.5
122719.7
122776.5
122851.0
123007.4
123258.0
123284.9
123293.3
123316.2
123378.6
123426.5
123465.2
123481.4
123675.3
123702.6
123819.7
123830.0
123918.1
123931.1
123944.0
123978.5
124000.1
124014.6
124043.9
124045.9
124108.7
124253.8
124374.8
124390.1
124437.2
124447.2
124502.1
124742.4
124798.9
124956.5
125005.8
125014.2
125051.0
125066.3
125112.5
125125.2
125205.2
125311.4
125327.9
125437.1
125596.6
125628.6
125654.1
125676.0
125837.4
126051.3
126071.8
126104.7
126111.5
126258.7
126462.0
126507.2
126512.1
126581.5
126590.3
126641.9
126664.9
126772.0
126796.3
126950.4
127013.8
127046.1
127070.6
127154.2
127183.1
127284.5
127421.2
127595.9
127641.8
127667.0
127681.6
127720.3
127830.7
127844.5
127855.2
127874.2
127911.8
128286.4
128468.7
128733.5
128879.9
128892.8
128962.3
129020.8
129090.6
129194.3
129208.5
129310.1
129543.6
129547.3
129647.0
129697.0
129758.3
129859.2
129944.0
129977.8
130019.3
130019.4
130073.6
130096.6
130101.9
130140.7
130327.6
130370.0
130444.7
130590.2
130632.3
130709.0
130732.8
130803.5
131115.0
131226.9
131233.7
131237.6
131285.6
131355.5
131359.5
131701.6
131744.2
132000.1
132121.8
132196.8
132258.3
132341.6
132351.8
132528.7
132596.7
132654.2
132705.1
132707.7
132729.7
132735.3
132753.3
132848.4
132868.3
132901.4
132918.6
132924.4
132933.1
132940.5
132982.6
133042.7
133055.1
133196.4
133206.5
133295.9
133372.0
133384.2
133394.6
133474.6
133523.5
133539.5
133607.4
133608.7
133652.4
133694.4
134002.6
134124.9
134362.5
134544.3
134551.5
134828.6
134989.3
135115.4
135291.3
135453.5
135503.0
135513.6
135590.3
135766.2
135794.4
135937.0
136115.1
136283.0
136663.2
136664.0
137072.4
137230.8
137283.8
137315.5
137745.3
137809.3
137854.6
137927.5
138087.4
138109.4
138132.2
138224.4
138445.6
138446.3
138488.9
138624.0
138766.3
138811.6
138896.7
138970.8
139062.6
139103.4
139193.3
139275.9
139279.0
139303.4
139313.3
139330.3
139355.0
139389.6
139596.8
139810.4
139871.4
139956.9
140080.7
140216.0
140366.2
140391.0
140430.0
140587.4
140627.1
140696.7
140758.2
141005.4
141087.8
141180.9
141559.9
141857.1
141884.5
141997.0
142177.3
142216.2
142347.7
142397.5
142527.5
142660.4
142744.2
142843.7
142995.2
143131.3
143132.5
143387.3
143405.1
143486.3
143582.2
143738.6
143976.3
143987.2
144142.5
144183.4
144512.7
144575.2
144767.2
144934.4
145017.3
145269.8
145346.1
145430.8
145436.1
145687.4
145775.4
145912.2
145914.5
145932.5
146131.5
146213.0
146366.7
146403.5
146484.2
146551.3
146574.9
146592.9
146640.2
146725.2
146876.8
147051.3
147196.3
147359.5
147528.3
147657.8
147798.3
147822.9
147887.3
147900.7
148123.6
148157.5
148191.4
148248.8
148356.9
148393.8
148563.8
148566.5
148800.6
149005.1
149071.9
149083.0
149220.3
149226.4
149423.3
149443.1
149599.1
149895.7
149928.7
150112.6
150118.9
150168.4
150171.1
150451.0
150484.1
150614.5
150654.6
150920.0
150928.4
150977.5
151098.9
151549.5
151633.4
151635.3
151879.6
152118.3
152304.7
152874.5
153067.2
153101.0
153197.7
153199.7
153332.4
153402.0
153473.0
153627.0
153686.5
153770.4
153818.4
153905.7
154170.0
154326.0
154423.4
154777.7
155221.7
155287.0
155348.9
155447.4
155658.1
155675.3
155742.2
155984.9
156169.2
156561.5
156580.2
157025.6
157105.5
157138.9
157237.8
157484.9
157577.7
158208.1
158313.6
158383.9
158651.6
158794.8
158810.6
159109.4
159219.2
159223.5
159578.9
159623.1
159782.5
160172.0
160198.3
160239.4
160357.3
160710.7
160859.2
161679.6
161696.0
161918.6
161997.3
162153.2
162352.7
162894.9
163077.7
163178.9
163405.2
163475.0
163558.0
163581.4
164041.8
164093.3
164427.0
164643.9
164713.7
164853.3
164938.7
165474.0
165567.0
165598.9
165870.5
165900.3
165969.2
166407.5
166418.6
166509.1
166563.4
167329.9
167549.3
168316.3
168338.8
168835.7
168966.8
169054.1
169320.5
169986.3
170317.3
170508.6
171021.9
171415.7
171477.4
171595.8
171965.5
172031.3
172773.9
173255.6
173496.2
173569.0
173661.4
173855.3
173865.9
174042.9
174428.1
175072.2
175790.3
176260.8
177128.5
177679.2
177815.9
178188.7
178715.5
179222.3
180348.6
180437.2
180546.6
181586.1
181591.7
181655.4
183084.7
183292.7
183863.9
184023.3
184434.2
185780.9
187866.2
187923.3
187989.8
188319.2
189347.5
189892.4
189904.7
190743.0
191443.2
191979.7
192121.6
192471.0
192689.9
194108.2
194279.8
195188.0
195705.6
196228.4
196691.7
197778.4
197806.0
198496.8
199883.4
201080.4
202873.6
203334.1
203628.9
204248.9
204810.8
205036.8
207478.7
212297.8
212500.2
212919.6
213368.7
214545.5
216941.6
219850.1
221550.4
221584.3
222113.5
225918.7
231764.7
232879.1
235926.4
237696.0
246880.1
250510.4
253318.8
260301.3
