2314.7
2416.8
2462.5
2484.7
2497.9
2549.3
2629.8
2689.3
2705.7
2713.8
2744.0
2771.6
2787.2
2800.6
2815.1
2829.0
2840.6
2863.5
2882.1
2889.3
2891.0
2920.2
2923.1
2944.8
2965.1
2974.9
3002.9
3006.4
3123.0
3195.0
3209.7
3272.1
3286.7
3311.4
3314.8
3325.4
3335.1
3351.9
3368.9
3375.5
3401.2
3420.9
3432.9
3450.3
3463.2
3464.0
3483.3
3483.5
3516.7
3554.8
3574.9
3599.8
3628.6
3630.1
3634.5
3635.8
3643.2
3691.9
3702.2
3711.9
3715.4
3718.9
3734.2
3770.6
3816.5
3828.9
3832.1
3852.5
3856.9
3899.2
3962.1
3975.4
4012.2
4027.1
4062.2
4070.9
4079.6
4087.6
4105.5
4116.7
4125.4
4138.8
4159.9
4176.7
4178.5
4234.1
4244.4
4244.4
4280.7
4337.0
4338.6
4361.9
4374.6
4415.8
4422.9
4429.9
4441.1
4453.2
4493.0
4529.1
4555.3
4579.5
4653.0
4656.7
4657.8
4669.8
4672.7
4683.6
4691.9
4692.4
4704.2
4731.2
4732.4
4759.3
4768.8
4838.8
4845.3
4884.3
4892.2
4894.6
4906.5
4914.1
4935.4
4935.5
4979.6
5028.3
5029.8
5056.9
5068.8
5068.9
5077.3
5127.0
5135.0
5158.8
5160.1
5226.2
5256.2
5266.9
5279.0
5328.3
5337.9
5349.6
5387.6
5398.6
5414.6
5438.1
5471.5
5479.5
5530.5
5541.6
5550.8
5554.7
5564.3
5599.7
5609.5
5625.1
5650.5
5650.5
5660.7
5661.3
5719.0
5721.4
5771.7
5777.6
5788.9
5799.8
5808.3
5865.6
5885.6
5893.6
5950.1
5959.6
5971.6
6100.5
6169.5
6183.2
6229.3
6251.6
6297.2
6337.5
6426.3
6433.6
6501.7
6509.2
6562.4
6602.7
6606.5
6635.1
6686.4
6698.9
6733.9
6735.7
6776.6
6779.6
6793.3
6802.9
6826.1
6938.8
6942.5
7051.7
7052.4
7057.6
7074.7
7106.2
7130.0
7145.4
7189.2
7250.6
7265.6
7305.5
7318.3
7338.5
7348.0
7362.8
7409.1
7483.0
7549.5
7609.8
7640.7
7670.8
7679.5
7692.4
7761.8
7779.7
7783.3
7796.7
7815.1
7831.3
7866.5
7876.4
7887.0
7892.1
7939.5
7959.3
8023.4
8155.9
8156.5
8158.4
8234.3
8241.2
8352.6
8361.9
8374.4
8395.8
8432.5
8440.8
8540.4
8544.3
8546.2
8661.1
8664.4
8719.7
8814.8
8854.8
8915.2
8942.4
8981.2
9008.6
9025.9
9075.8
9079.6
9083.4
9260.2
9285.2
9305.9
9472.2
9530.1
9555.7
9570.6
9613.5
9712.5
9717.0
9722.9
9763.8
9769.9
9781.5
9797.5
9807.7
9820.9
9826.0
9860.9
9871.8
9882.8
9921.8
9924.1
9924.4
9993.7
10032.6
10042.6
10063.3
10121.0
10140.5
10164.3
10178.5
10178.8
10280.5
10301.8
10361.1
10377.4
10518.8
10518.9
10521.1
10527.7
10553.2
10584.8
10615.3
10616.0
10666.0
10750.5
10753.3
10757.4
10778.5
10807.7
10811.8
10827.6
10835.6
10884.0
10900.1
11132.8
11188.9
11222.1
11263.5
11282.8
11283.7
11288.9
11352.4
11383.9
11439.0
11461.8
11480.1
11498.2
11513.3
11538.2
11584.5
11603.0
11654.5
11674.4
11675.2
11698.0
11724.9
11725.6
11769.4
11788.8
11824.2
11858.5
11860.8
11909.7
11963.9
11979.6
12074.7
12104.8
12107.7
12158.6
12209.7
12236.6
12352.3
12419.1
12460.4
12504.0
12506.5
12517.8
12526.1
12536.3
12609.3
12709.2
12719.2
12722.8
12873.5
12907.0
12910.8
12934.2
12950.7
12951.1
12959.7
12983.2
12992.2
13003.7
13020.4
13049.7
13122.6
13126.7
13127.2
13133.1
13166.3
13171.4
13182.7
13298.5
13351.5
13364.9
13447.2
13448.4
13520.5
13540.2
13581.0
13608.7
13627.1
13635.2
13638.6
13816.9
13842.9
13914.4
14032.1
14089.7
14127.2
14173.4
14217.9
14221.5
14224.8
14226.5
14250.9
14262.9
14333.6
14334.8
14384.8
14485.0
14490.6
14497.9
14513.4
14532.4
14577.0
14591.7
14634.9
14645.2
14703.5
14762.5
14775.9
14827.3
14925.5
14942.3
14942.8
14950.8
14985.1
15030.8
15038.2
15146.8
15166.7
15174.6
15198.7
15248.0
15249.7
15270.3
15277.3
15278.9
15286.8
15302.2
15333.2
15339.2
15339.7
15398.1
15411.0
15467.5
15468.0
15473.8
15492.6
15498.8
15508.3
15538.7
15572.2
15621.6
15630.8
15634.8
15656.2
15679.2
15751.7
15784.6
15828.6
15840.8
15845.3
15845.5
15864.7
15880.5
15893.7
15904.8
15921.8
15961.2
16038.0
16053.6
16057.6
16072.4
16083.6
16135.1
16136.6
16154.1
16177.9
16205.7
16215.4
16234.6
16241.2
16264.3
16310.7
16311.7
16318.7
16341.5
16352.7
16361.0
16378.6
16384.2
16387.6
16430.6
16434.6
16451.0
16477.1
16479.0
16514.1
16516.3
16561.9
16574.8
16588.4
16594.8
16636.8
16647.8
16650.0
16682.0
16690.3
16691.0
16692.3
16698.8
16705.7
16753.3
16759.9
16769.0
16830.2
16876.1
16920.0
16928.9
16937.4
16943.7
16948.9
16971.1
16995.9
17040.1
17079.0
17102.9
17141.0
17298.7
17302.8
17320.9
17335.0
17362.8
17453.0
17468.9
17512.5
17516.0
17551.3
17558.0
17587.5
17589.0
17608.5
17632.2
17644.2
17668.0
17671.3
17737.5
17820.1
17876.4
17877.0
17890.3
17931.1
17977.2
17983.6
18011.8
18025.5
18054.5
18079.1
18121.2
18131.7
18133.5
18163.5
18212.9
18247.1
18269.2
18314.7
18323.0
18358.2
18417.8
18430.2
18499.2
18504.6
18522.8
18594.6
18645.7
18685.2
18698.4
18712.4
18808.4
18818.2
18830.2
18853.1
18879.1
18883.5
18931.4
18938.5
19005.8
19037.0
19088.3
19117.7
19217.6
19228.0
19232.9
19311.9
19336.3
19346.8
19377.3
19455.7
19469.9
19492.0
19556.2
19588.1
19588.4
19632.8
19680.4
19681.6
19695.7
19771.4
19785.8
19874.8
19881.0
19901.4
19920.4
19921.1
19921.1
19941.1
20029.8
20045.6
20046.4
20075.1
20141.2
20159.2
20168.9
20174.5
20228.7
20387.5
20393.1
20394.1
20421.1
20470.3
20470.9
20475.4
20479.4
20530.1
20588.8
20593.3
20642.1
20661.5
20675.9
20691.1
20810.3
20943.6
20980.4
21018.4
21031.9
21058.6
21065.8
21108.7
21179.7
21259.2
21302.4
21321.5
21325.8
21335.3
21357.8
21403.6
21421.0
21528.9
21671.3
21695.5
21788.0
21790.3
21829.1
21832.4
21896.4
21924.3
21994.0
22076.5
22083.8
22090.1
22107.7
22201.0
22204.8
22219.6
22228.2
22268.2
22338.9
22358.1
22364.1
22370.2
22378.3
22417.8
22472.5
22540.1
22653.8
22692.6
22709.7
22750.6
22791.5
22798.7
22806.0
22895.4
22963.8
22974.9
22987.8
23000.2
23009.9
23035.6
23041.1
23257.8
23271.5
23354.5
23355.7
23370.0
23379.3
23397.9
23453.3
23456.6
23474.8
23562.2
23573.0
23584.3
23596.2
23648.7
23674.2
23749.7
23832.8
23902.3
23962.6
23965.9
24021.0
24053.8
24192.6
24332.2
24548.7
24579.8
24688.8
24734.0
24746.2
24754.5
24866.1
24891.9
24920.8
24956.7
24972.5
25225.4
25233.6
25277.1
25351.8
25376.9
25418.0
25448.5
25454.2
25535.7
25539.4
25585.5
25671.2
25685.9
25694.2
25741.0
25845.2
25883.6
25894.4
25977.4
26026.9
26100.7
26113.5
26138.5
26249.9
26426.6
26435.8
26480.0
26511.3
26539.7
26574.7
26619.2
26629.1
26666.0
26674.7
26686.3
26704.6
26714.9
26728.3
26734.8
26747.5
26765.2
26891.2
26955.0
27044.7
27100.1
27237.3
27266.6
27271.1
27372.9
27441.7
27534.1
27572.3
27606.9
27675.0
27686.4
27702.4
27722.3
27745.2
27834.6
27916.5
27959.3
27974.2
28056.5
28058.2
28120.6
28123.6
28129.5
28136.4
28137.8
28152.5
28247.7
28425.6
28477.1
28480.2
28480.5
28493.5
28665.6
28673.2
28710.3
28711.0
28724.6
28728.5
28970.1
29040.9
29062.4
29099.4
29130.0
29131.5
29136.3
29186.3
29248.1
29269.2
29378.7
29527.2
29637.4
29723.6
29911.7
30067.6
30107.4
30145.1
30181.5
30197.8
30255.6
30285.8
30317.2
30384.1
30423.1
30434.7
30731.9
30776.0
30857.6
30880.9
30882.1
30904.7
30947.0
30958.7
30978.2
31028.3
31181.5
31191.9
31310.6
31364.5
31434.4
31489.6
31509.0
31533.8
31610.5
31640.0
31692.5
31709.1
31734.9
31875.9
31898.0
32220.3
32271.0
32274.0
32423.1
32456.9
32461.2
32490.8
32521.4
32619.2
32643.7
32667.3
32668.0
32827.3
32912.3
33025.8
33152.3
33206.9
33364.6
33479.9
33488.5
33522.1
33576.0
33754.4
33759.2
33802.8
33825.4
33836.5
33863.8
33879.6
34137.0
34150.5
34198.3
34231.9
34335.8
34434.5
34516.6
34689.7
34744.4
34828.7
35402.7
35446.0
35451.5
35463.8
35549.9
35564.8
35707.6
36061.0
36198.3
36266.8
36362.6
36696.1
36900.7
37041.2
37150.3
37159.3
37231.2
37390.4
37397.5
37633.3
37666.4
37725.4
37794.6
37850.2
38406.9
38519.7
38755.5
39118.9
39126.9
39426.4
39470.9
39490.9
39644.9
39806.2
39807.0
40145.0
40383.9
40456.5
40481.4
40696.6
41091.3
41107.3
41217.3
42117.4
42562.0
43228.8
43737.1
44051.6
44092.7
44157.4
44236.8
44421.8
44534.9
45231.2
45622.4
45734.0
45854.5
46273.8
46528.4
46643.8
46686.8
46804.0
46894.8
47656.1
47925.8
48044.7
48800.8
49642.5
49660.7
49993.5
50106.9
50280.6
50334.1
51826.8
53045.6
53144.8
53929.3
54581.0
54924.4
55014.4
55104.7
56603.6
57243.3
58012.1
58749.3
63760.7
66073.6
