54129.8
58086.8
58482.1
59580.6
59833.7
60663.1
62292.6
62868.6
63357.9
63611.9
64640.7
65149.7
66988.3
67821.4
68316.4
69822.9
69833.0
70648.0
70822.4
71093.0
71663.0
71702.4
73028.7
73073.6
73276.3
73384.9
73414.3
73544.7
73641.6
73848.2
73890.5
74387.8
75275.3
75716.7
76178.4
76291.8
76512.2
76725.8
76866.5
76905.3
77336.9
77419.3
78118.2
78140.0
78292.0
78303.0
78766.4
78803.8
79113.4
79261.6
79373.2
79717.5
79721.4
79785.1
79864.0
79897.9
80051.7
80157.4
80443.9
80566.0
80809.3
80897.2
81341.1
81601.6
81694.7
81734.9
82115.4
82334.0
82350.3
82469.6
82479.8
82553.2
82600.5
82609.8
82683.1
82722.6
82957.3
83104.9
83109.1
83333.7
83385.0
83572.4
83761.4
83863.7
83936.5
84099.7
84464.0
84740.4
84781.9
84873.7
84961.6
85196.9
85322.7
85407.7
85502.2
85905.0
85957.7
85990.8
86205.0
86205.7
86322.9
86391.8
86446.9
86643.4
87004.6
87098.7
87102.5
87129.9
87180.5
87183.1
87287.3
87578.8
87677.2
87711.7
88032.0
88090.7
88106.1
88185.3
88282.9
88437.4
88711.4
88966.3
89127.7
89169.0
89330.3
89346.7
89349.2
89521.0
89558.5
89631.7
89729.0
89812.0
90201.6
90537.6
90713.3
90730.5
90732.7
91076.2
91375.5
91514.5
91715.3
91800.3
91822.9
91976.7
92063.4
92212.1
92394.8
92459.9
92550.0
92558.9
92593.8
92596.0
92731.3
92770.0
92889.0
92900.0
93046.8
93330.5
93334.3
93355.5
93372.3
93586.1
93702.6
93821.2
93864.8
94053.9
94158.9
94389.7
94611.9
94653.2
94912.9
94914.9
95012.1
95299.4
95468.2
95606.6
95813.4
96144.9
96444.6
96452.9
96601.0
96785.0
96958.2
97141.7
97424.6
97609.7
97688.7
97699.3
97766.4
97911.7
97948.7
97974.5
98045.2
98197.5
98236.0
98350.8
98356.4
98488.4
98579.2
98606.9
98608.2
98727.6
98742.1
98765.9
98801.8
98859.5
99002.8
99212.2
99342.7
99434.7
99442.0
99507.0
99523.7
99712.5
99724.7
99769.4
99778.1
99811.6
99915.8
99964.6
100086.2
100093.5
100225.8
100295.4
100327.1
100347.8
100355.2
100386.1
100390.2
100452.9
100468.9
100586.5
100614.5
100674.5
100824.6
100892.8
100961.8
100976.8
101122.6
101169.9
101341.5
101375.0
101381.4
101447.8
101457.9
101489.6
101494.0
101621.1
101732.6
101860.3
101863.1
101888.2
101899.0
101983.7
102067.3
102076.2
102211.3
102213.4
102255.4
102260.7
102344.4
102459.4
102521.4
102599.7
102645.2
102662.4
102667.0
102752.5
102758.9
102883.4
102999.7
103354.7
103504.8
103538.5
103635.8
103692.1
103823.2
103993.3
104272.9
104293.6
104398.7
104612.7
104651.8
104681.7
104739.8
104808.1
104822.9
104935.7
104970.7
105119.8
105127.4
105191.1
105194.0
105232.2
105318.8
105635.6
106069.0
106146.6
106229.8
106245.7
106266.8
106308.9
106334.1
106338.0
106580.5
106608.3
106698.4
106788.1
106832.8
106906.5
106953.2
107052.8
107054.0
107080.9
107132.1
107187.0
107337.0
107394.0
107534.0
107560.4
107610.2
107670.8
107676.0
107687.4
107722.8
107750.2
107756.2
107770.7
107813.3
107875.5
107903.8
107903.9
107972.3
108023.0
108059.7
108119.6
108652.7
108823.3
108832.4
108889.0
108898.0
108923.3
108927.3
109196.7
109333.2
109343.3
109368.5
109419.5
109638.5
109789.9
109958.8
110379.0
110506.0
110589.5
110596.9
110606.1
110693.5
110913.3
110947.9
111011.6
111028.7
111033.5
111040.0
111074.3
111248.0
111258.0
111260.3
111261.2
111327.4
111360.9
111400.4
111637.1
111786.3
111811.6
111864.9
111866.0
112041.0
112083.2
112086.4
112140.5
112162.7
112456.9
112506.8
112538.2
112656.0
112657.1
112696.7
112717.0
112748.9
112809.5
112869.7
112999.3
113026.9
113149.4
113300.8
113370.0
113377.3
113667.2
113766.6
113807.2
113850.9
113924.7
113925.7
113976.6
113994.7
114130.6
114170.4
114193.4
114202.3
114302.6
114816.6
114917.0
114939.9
115025.1
115090.7
115093.5
115120.6
115246.9
115269.9
115324.4
115381.7
115420.5
115431.8
115498.9
115509.4
115535.8
115717.2
115720.6
115741.8
115765.1
115919.5
115979.3
116061.6
116072.2
116077.8
116438.7
116533.0
116793.4
116817.1
116830.2
116875.2
116944.2
117028.4
117045.3
117098.9
117113.3
117319.3
117386.6
117508.8
117593.8
117699.3
117851.8
117885.7
117920.0
118112.5
118556.1
118604.9
118841.7
118885.4
118981.4
119002.0
119036.3
119137.3
119183.1
119281.8
119359.4
119372.3
119379.8
119391.0
119459.5
119571.5
119662.5
119720.2
119847.8
119998.3
120053.2
120313.3
120524.3
120568.5
120766.4
120779.5
120783.2
120816.3
120876.5
120921.6
120946.5
121009.9
121149.5
121167.4
121205.6
121224.2
121356.4
121766.6
122054.7
122059.2
122064.4
122302.9
122575.8
122626.3
122823.9
122833.5
122858.4
122962.7
122994.4
123025.4
123282.6
123397.4
123420.5
123462.5
123546.8
123650.8
123752.5
123882.4
123936.6
124091.0
124151.7
124195.2
124242.1
124289.2
124359.3
124380.6
124514.7
124551.5
124661.2
124663.9
124687.0
124752.3
124808.8
124888.2
124932.8
124989.0
125173.0
125214.2
125372.4
125509.0
125731.6
125818.9
125870.4
125913.0
126102.8
126222.1
126337.2
126491.4
126568.2
126628.5
126687.5
126729.0
126731.6
126756.5
126759.4
126834.2
127129.3
127283.9
127478.2
127592.7
127631.0
127684.8
127822.3
127939.1
127956.0
127973.2
128021.9
128092.2
128289.4
128293.6
128502.3
128514.3
128564.3
128608.7
128614.1
128625.3
128649.2
128710.0
128919.4
128959.5
129006.0
129039.8
129041.3
129142.7
129176.7
129207.8
129212.6
129275.0
129282.8
129349.6
129356.0
129530.5
129546.9
129614.6
129625.8
129642.5
129722.7
129740.0
129751.1
129772.2
129848.7
129968.0
129978.3
130068.4
130132.5
130144.9
130194.6
130259.8
130361.2
130495.5
130511.6
130603.0
130606.2
130664.3
130677.1
130696.8
130935.4
130948.3
131068.2
131329.8
131407.3
131529.6
131545.2
131599.0
131731.6
131811.2
131815.5
131984.6
132067.8
132091.7
132274.6
132599.3
132724.1
132794.8
132923.3
133105.6
133238.9
133289.1
133331.5
133434.8
133465.0
133675.6
133781.6
133913.5
133932.9
134044.6
134099.6
134169.8
134309.5
134512.7
134587.3
134634.6
134646.4
134677.1
134728.8
134732.8
134739.6
134746.5
134879.5
134888.7
134920.1
134965.8
135108.3
135248.8
135307.0
135315.0
135362.0
135480.2
135585.9
135839.9
135941.5
135954.8
135987.7
136055.1
136063.3
136149.4
136237.5
136274.7
136303.3
136345.7
136432.1
136490.8
136541.7
136632.3
136691.0
136758.0
136905.0
137080.1
137116.6
137294.2
137485.5
137493.2
137562.1
137678.5
137725.7
137821.3
137915.0
138494.0
138563.8
138577.4
138626.8
138722.3
139101.1
139179.0
139181.0
139198.4
139285.6
139334.2
139465.9
139627.6
139721.2
139777.6
139886.5
139931.8
139942.5
140373.8
140514.0
140644.2
140707.3
140729.5
140816.7
140989.0
141228.5
141412.4
141459.6
141524.2
141800.4
141910.0
141966.5
142340.8
142401.8
142454.9
142723.7
142977.2
143162.0
143296.4
143298.7
143445.9
143460.6
143516.2
143618.1
143640.3
143686.5
144125.2
144168.4
144321.5
144665.9
144686.7
144764.0
144836.4
145005.2
145085.2
145243.9
145285.5
145315.6
145546.5
145589.0
145590.9
145744.2
145826.5
146063.0
146116.0
146141.2
146187.5
146234.3
146345.3
146696.5
146819.2
146965.2
147017.6
147305.7
147344.7
147430.0
147568.4
147597.9
147606.5
147767.6
147794.5
147800.6
147828.8
147988.9
148045.2
148085.4
148336.1
148340.3
148585.3
148718.0
148877.3
149064.8
149174.8
149668.7
149736.0
149921.0
149929.5
150014.5
150113.3
150148.3
150289.5
150634.3
150862.1
150925.4
150944.2
150985.4
151099.0
151874.2
151998.5
152133.4
152227.5
152689.5
152772.1
152823.2
152927.2
153147.0
153417.8
153705.0
153758.7
153898.4
153954.5
154434.3
154434.7
154497.4
154601.7
154630.4
154643.4
154782.6
154811.6
154899.5
155115.8
155156.8
155267.8
155349.6
155919.3
155975.0
156268.7
156286.2
156488.2
156554.0
156635.3
156662.7
157053.8
157235.6
157279.3
157515.1
157735.5
157804.5
157866.1
158030.4
158164.3
158257.2
158291.0
158552.6
158577.3
158655.4
158826.2
158978.3
159061.6
159077.9
159377.3
159498.0
159524.9
159579.9
159637.5
159677.9
159963.0
160152.1
160675.8
160722.5
160770.9
160934.4
160994.2
161129.7
161454.4
161487.2
161766.4
161794.2
161965.3
162339.8
163043.3
163357.5
163753.1
164354.2
164432.0
164539.0
164569.8
164653.2
164760.8
164806.5
164833.1
165094.8
165287.5
165308.5
165335.7
165447.1
165494.4
165536.8
165609.5
165679.3
165898.9
166217.4
166252.3
166367.8
166395.4
167139.0
167371.9
167884.1
167979.9
168257.7
168929.6
169081.0
169123.6
169176.0
169291.3
169560.8
169576.1
169645.3
169673.2
169831.5
170500.9
170630.7
170742.2
171299.4
171478.9
171723.7
171755.7
172121.2
172199.6
173179.9
173500.5
173837.4
174035.9
174077.1
174258.3
174883.2
174916.2
175140.0
175258.1
175302.5
175604.8
175741.8
175936.5
175994.5
176059.1
176727.2
176766.7
176971.3
177019.9
177345.6
177917.5
177970.6
178783.0
179766.7
180265.6
180278.7
180397.5
180480.5
180602.5
180961.5
181671.1
181849.5
182169.0
182327.2
182457.5
182740.0
184820.3
185145.9
185467.5
185704.1
187726.0
188582.0
188772.6
189026.3
189437.1
189841.6
190625.3
191557.7
191570.1
194574.3
195761.0
195796.6
196372.7
196761.3
197154.5
197202.0
198926.8
199398.8
200403.4
203559.1
204169.9
205597.5
207543.9
207805.6
207844.1
209044.8
209427.2
211139.0
214235.0
215831.3
216843.2
218401.0
220860.5
225967.9
229067.9
232646.7
235239.5
248421.1
