3411.5
3561.5
3564.6
3735.7
3751.0
3806.5
4007.7
4227.3
4318.6
4351.0
4365.9
4393.7
4434.9
4435.0
4446.2
4604.6
4650.2
4658.9
4712.7
4918.2
4936.2
4979.3
4979.8
5038.5
5181.3
5390.5
5420.5
5473.5
5495.3
5511.3
5533.5
5553.2
5564.5
5647.8
5648.7
5655.3
5658.2
5694.8
5707.5
5708.3
5761.1
5805.2
5805.9
5812.4
5813.6
5824.5
5825.0
5864.0
5933.7
5945.5
6012.0
6026.7
6039.3
6056.5
6099.0
6132.7
6145.1
6247.8
6300.5
6343.0
6347.5
6350.1
6367.8
6421.4
6589.1
6692.5
6708.0
6769.8
6775.1
6832.6
6847.8
6898.2
6921.9
6936.6
6959.0
6988.0
7084.4
7088.5
7096.3
7101.4
7106.4
7129.0
7164.4
7228.8
7265.8
7299.5
7307.0
7408.7
7463.9
7467.4
7488.3
7494.1
7526.3
7606.7
7633.8
7675.7
7699.3
7716.2
7721.3
7832.1
7858.5
7862.8
7864.9
7872.1
7919.5
7962.2
8108.7
8169.5
8246.8
8268.7
8366.0
8374.7
8457.5
8494.4
8500.7
8595.8
8657.7
8810.5
8845.5
8969.0
8981.2
9030.4
9220.6
9324.2
9370.2
9420.8
9449.4
9451.9
9470.0
9481.2
9567.1
9599.8
9611.2
9661.2
9662.4
9663.7
9710.9
9726.0
9733.2
9944.0
10037.6
10065.3
10070.1
10072.8
10114.6
10179.6
10200.3
10240.7
10320.7
10333.0
10361.7
10734.2
10738.1
10755.9
10910.8
10927.6
10949.2
10982.4
10994.9
11022.7
11056.0
11139.4
11180.2
11310.4
11334.3
11346.9
11372.0
11374.6
11697.8
11738.0
12002.8
12133.6
12170.6
12193.9
12289.1
12309.9
12315.3
12358.6
12391.5
12445.3
12486.6
12510.1
12511.9
12563.1
12596.1
12636.7
12641.9
12655.0
12702.4
12767.3
12831.7
12902.1
12991.8
12994.6
13013.3
13071.4
13156.1
13198.3
13211.7
13219.0
13231.1
13238.0
13269.5
13348.8
13391.0
13408.6
13414.3
13502.0
13519.3
13592.9
13615.0
13639.0
13715.4
13724.3
13869.0
13884.3
13884.8
13926.1
13959.6
13986.2
13988.4
13992.1
14048.5
14087.5
14125.0
14186.4
14334.2
14350.8
14423.5
14430.1
14556.1
14582.6
14651.8
14696.7
14713.0
14920.5
15081.7
15095.2
15106.0
15164.8
15170.8
15185.7
15240.8
15258.3
15279.9
15341.1
15356.1
15368.7
15386.8
15392.1
15495.0
15521.6
15581.9
15614.1
15662.8
15676.3
15704.2
15757.9
15814.8
15924.2
15928.7
15963.4
16034.5
16048.2
16049.8
16089.5
16116.9
16205.5
16209.7
16328.0
16410.7
16437.2
16509.2
16522.3
16631.3
16650.1
16694.7
16708.4
16767.9
16777.0
16886.8
16991.0
17001.3
17093.8
17151.1
17205.5
17260.1
17296.3
17320.1
17393.2
17626.5
17630.8
17652.1
17692.9
17731.7
17732.7
17742.0
17747.2
17784.0
17794.2
17802.0
17804.7
17866.7
17889.8
17907.5
17911.0
18043.6
18110.7
18129.6
18196.4
18227.2
18281.2
18337.3
18366.8
18386.7
18493.8
18565.4
18566.6
18596.6
18617.5
18657.4
18688.3
18710.2
18732.9
18773.6
18774.7
18818.4
18822.5
18849.5
18870.6
18906.1
19056.1
19058.3
19105.8
19166.2
19254.6
19265.3
19312.4
19364.8
19370.8
19420.2
19444.7
19489.7
19495.2
19525.1
19588.1
19678.5
19763.3
19785.0
19926.3
19941.5
19971.7
20035.2
20052.0
20085.5
20091.4
20102.6
20130.3
20148.2
20182.3
20225.7
20266.0
20316.9
20318.7
20319.2
20364.5
20408.7
20416.9
20439.0
20483.8
20550.6
20564.8
20591.0
20616.7
20660.2
20707.5
20709.2
20741.5
20767.9
20770.3
20784.0
20803.9
20879.7
20940.3
20987.4
21215.7
21270.5
21281.6
21311.6
21323.4
21348.8
21367.7
21379.7
21393.1
21433.1
21458.0
21466.8
21489.0
21559.3
21566.4
21589.4
21618.8
21619.9
21624.6
21634.6
21730.0
21754.3
21766.5
21779.8
21811.0
21965.1
21975.8
22022.9
22048.7
22050.5
22106.1
22144.8
22150.0
22168.3
22175.5
22189.1
22298.5
22300.2
22325.9
22372.7
22380.8
22409.2
22418.1
22443.5
22484.3
22530.8
22554.8
22561.6
22752.5
22773.4
22821.7
22840.3
22945.0
22948.4
22988.8
23116.4
23118.4
23121.1
23135.9
23153.1
23164.7
23224.7
23266.0
23387.5
23396.6
23424.8
23428.6
23518.1
23578.5
23648.5
23673.9
23687.3
23750.5
23768.5
23823.3
23914.7
23920.6
23986.4
24053.6
24088.9
24111.0
24208.8
24244.2
24252.3
24309.8
24330.2
24335.6
24528.9
24614.1
24625.9
24652.7
24681.4
24682.8
24705.2
24726.6
24754.4
24754.7
24834.9
24852.0
24881.5
24947.9
25013.1
25020.7
25033.9
25187.0
25240.3
25315.1
25346.8
25400.9
25412.4
25477.7
25498.5
25505.9
25508.2
25512.6
25543.1
25593.1
25693.9
25708.1
25718.3
25808.2
25844.0
25881.5
25921.8
25929.1
25931.7
25957.8
26063.9
26082.3
26101.5
26102.9
26204.4
26206.5
26224.5
26286.7
26290.3
26297.8
26373.3
26464.1
26517.3
26571.5
26573.8
26617.1
26660.6
26669.7
26715.7
26717.3
26771.9
26884.5
26972.0
27026.7
27049.8
27051.3
27091.7
27097.4
27219.1
27258.1
27315.3
27358.9
27384.5
27481.8
27495.8
27495.9
27553.5
27569.6
27593.5
27626.3
27629.4
27744.4
27784.3
27858.1
27881.1
27970.2
28077.6
28241.1
28300.9
28305.4
28311.7
28344.7
28452.3
28484.2
28485.9
28527.3
28657.3
28695.2
28735.0
28792.5
28815.8
28897.3
28903.6
28976.5
29032.4
29035.0
29056.1
29096.8
29237.2
29278.0
29314.5
29315.1
29367.2
29498.2
29509.0
29567.5
29648.4
29708.0
29714.5
29806.8
29815.8
29905.0
30055.0
30060.9
30154.1
30244.2
30386.8
30410.7
30503.8
30505.5
30548.5
30608.0
30617.0
30622.5
30721.0
30769.6
30770.1
30780.0
30815.6
30840.6
30862.5
30900.7
30919.8
30997.6
31015.1
31031.0
31035.7
31068.2
31099.7
31131.1
31175.8
31193.6
31216.2
31227.9
31279.1
31397.3
31470.4
31555.5
31558.9
31612.5
31629.6
31699.2
31707.8
31710.6
31727.5
31793.6
31810.5
31830.7
31875.4
31877.1
31893.7
31897.9
31951.5
31971.2
32015.4
32120.4
32267.3
32415.6
32464.3
32471.0
32501.0
32505.7
32570.9
32634.9
32646.7
32659.5
32670.7
32730.1
32737.4
32737.6
32830.7
32870.1
32919.2
32944.3
32944.3
32963.0
33005.4
33010.7
33053.2
33083.5
33100.3
33120.1
33153.0
33222.4
33391.9
33417.9
33497.7
33519.2
33555.0
33634.4
33634.9
33709.1
33714.8
33717.6
33763.6
33791.8
33848.8
33892.6
33904.3
33905.0
33911.0
33923.5
33947.1
34043.5
34100.5
34209.2
34243.5
34290.8
34327.1
34337.3
34338.2
34380.7
34442.2
34462.1
34647.9
34696.5
34716.6
34758.7
34795.6
34889.0
34933.7
34974.6
34979.3
35063.9
35112.5
35141.6
35148.0
35152.5
35214.0
35233.7
35363.5
35380.2
35389.9
35446.3
35459.3
35484.7
35527.0
35618.3
35639.2
35699.0
35715.7
35779.1
35861.1
36037.3
36133.6
36147.7
36186.2
36187.0
36201.4
36215.8
36215.8
36226.1
36417.2
36462.0
36598.2
36660.0
36901.2
36906.6
36946.7
36947.8
36989.9
37022.4
37046.4
37096.5
37159.7
37203.0
37268.9
37366.4
37372.0
37374.9
37391.2
37504.8
37518.4
37617.4
37624.5
37636.4
37687.5
37740.3
37769.2
37912.9
38024.3
38056.4
38114.3
38209.5
38258.5
38262.8
38309.9
38379.2
38383.6
38447.9
38473.2
38533.7
38546.8
38640.8
38676.0
38717.9
38723.0
38735.9
38764.7
38765.4
38799.1
38816.0
38823.9
38891.5
39283.8
39285.6
39336.6
39454.6
39550.1
39640.0
39647.6
39735.7
39772.7
39836.2
39968.3
40120.8
40132.8
40177.7
40195.5
40231.0
40307.4
40407.1
40454.2
40509.7
40579.8
40615.5
40669.1
40677.1
40799.8
40936.8
41086.8
41089.2
41277.7
41284.4
41368.8
41401.5
41409.0
41505.1
41620.6
41770.7
41832.8
42015.5
42039.4
42169.7
42221.7
42274.5
42315.7
42333.3
42344.3
42529.8
42615.7
42643.8
42805.7
42812.1
42968.3
42968.8
43007.8
43043.2
43195.4
43275.3
43319.6
43391.7
43454.9
43468.9
43636.9
43712.2
43996.2
44035.9
44282.6
44374.1
44616.1
44700.2
44726.0
44769.8
44770.4
44880.6
44881.4
45121.6
45150.7
45157.0
45553.9
45646.5
45667.9
45908.6
45964.7
46117.6
46124.1
46163.3
46234.2
46281.5
46366.2
46397.5
46398.2
46428.6
46464.0
46507.9
46585.0
46609.8
46897.4
47020.1
47065.3
47083.7
47205.4
47251.5
47260.9
47384.9
47462.6
47652.2
47659.1
48042.9
48077.5
48107.9
48121.4
48171.8
48176.0
48510.3
48601.2
48765.4
48876.4
49013.5
49185.4
49195.8
49233.1
49873.1
49987.9
50064.0
50107.8
50224.7
50359.7
50413.7
50465.4
50618.0
50642.5
50679.9
50700.1
50848.0
51008.9
51128.5
51146.1
51345.9
51423.8
51512.3
51731.9
51736.3
51738.9
51845.0
52001.7
52372.3
52377.3
52397.7
52465.0
52733.9
52772.5
53055.8
53339.9
53555.8
53876.4
54092.2
54367.2
54411.8
55004.3
55021.6
55575.7
55673.5
55700.1
55785.4
56566.4
56873.3
56947.0
56967.5
57369.0
57716.2
59597.6
59759.0
59921.4
60027.6
60184.4
60216.8
60796.4
61375.4
62124.6
62382.6
62929.8
63088.2
63533.5
63748.1
64377.7
65068.4
65805.3
66111.2
66180.5
66797.5
67151.8
67948.0
69074.9
69462.3
69515.6
71067.9
72485.7
75118.7
76470.8
76599.1
78928.6
81234.5
86286.7
87927.2
88046.6
98494.2
