22027.7
23178.8
23778.1
23921.6
24542.3
24620.5
24716.1
25146.0
25307.7
25508.5
25549.5
25561.1
25755.1
25814.7
25820.5
26009.8
26011.9
26108.0
26177.9
26390.8
26521.9
26696.2
26880.7
26911.8
26969.0
27002.7
27122.2
27163.5
27293.8
27490.0
27548.8
27637.8
27639.9
27693.7
27864.9
27885.8
27985.5
28025.7
28086.4
28180.0
28185.4
28246.3
28272.8
28273.9
28391.3
28403.6
28562.2
28601.1
28910.8
28913.6
28931.3
28975.0
29000.7
29039.4
29091.3
29120.6
29129.7
29202.9
29258.5
29376.3
29552.4
29572.4
29601.8
29620.7
29718.0
29733.0
29734.9
29800.1
29816.5
29871.5
29886.5
29930.0
29992.7
30067.1
30097.1
30126.9
30243.5
30246.0
30266.2
30274.8
30296.3
30302.8
30311.5
30351.2
30370.0
30421.5
30423.0
30439.6
30476.0
30503.4
30516.5
30564.8
30605.1
30609.6
30645.1
30721.1
30740.8
30834.3
30838.5
30913.3
31028.7
31077.2
31130.7
31154.9
31185.5
31188.0
31199.1
31214.9
31273.3
31276.5
31280.2
31301.9
31315.0
31374.5
31485.5
31528.2
31532.3
31541.3
31595.0
31595.4
31656.2
31676.4
31698.8
31727.0
31732.5
31748.2
31753.5
31800.0
31808.0
31840.7
31885.1
31899.3
31943.9
31962.2
31986.3
32057.5
32116.1
32183.2
32191.3
32229.3
32241.1
32270.9
32277.0
32314.6
32348.0
32356.2
32419.5
32453.9
32498.2
32537.7
32590.7
32610.8
32628.5
32632.5
32661.2
32694.1
32709.9
32800.2
32808.9
32813.8
32824.2
32847.3
32871.0
32883.2
32890.4
32901.2
32905.4
32913.1
32918.3
32989.4
33039.7
33098.0
33104.1
33109.5
33110.8
33111.9
33149.6
33167.0
33169.6
33184.8
33191.2
33199.2
33263.5
33288.5
33297.6
33306.1
33309.9
33311.3
33324.2
33338.5
33342.5
33356.7
33446.4
33474.6
33504.6
33506.2
33560.1
33575.4
33582.3
33649.1
33747.5
33773.8
33840.1
33844.8
33850.6
33894.8
33896.0
33905.6
33922.1
33926.2
33946.2
33963.9
34015.1
34019.5
34034.6
34065.4
34112.2
34139.4
34141.5
34165.0
34178.1
34185.9
34203.0
34219.6
34231.6
34235.0
34240.2
34291.1
34309.2
34324.2
34330.3
34336.1
34336.4
34345.9
34352.8
34353.2
34375.5
34433.3
34434.0
34466.0
34501.6
34520.8
34532.2
34607.2
34615.2
34617.1
34627.0
34629.5
34631.1
34635.2
34649.8
34671.7
34697.3
34702.1
34707.8
34716.2
34718.7
34720.1
34750.0
34751.8
34753.6
34793.0
34831.2
34900.0
35004.2
35053.0
35115.3
35118.0
35138.7
35206.5
35223.0
35225.2
35230.3
35231.6
35237.8
35263.8
35277.6
35290.7
35300.7
35424.9
35433.8
35436.7
35438.8
35455.8
35472.9
35561.9
35570.7
35590.3
35609.7
35615.8
35627.1
35661.1
35678.9
35708.5
35709.6
35732.0
35766.5
35786.8
35790.7
35795.5
35799.0
35799.7
35800.8
35816.7
35823.6
35838.1
35839.8
35859.7
35864.2
35869.2
35898.9
35903.3
35999.5
36008.7
36016.5
36020.4
36046.1
36048.1
36048.9
36073.3
36088.4
36090.3
36192.2
36195.7
36223.7
36226.9
36235.9
36246.4
36253.4
36258.7
36321.3
36332.7
36340.9
36358.8
36364.9
36401.1
36466.5
36481.1
36520.8
36522.9
36533.0
36535.5
36547.1
36595.3
36601.5
36622.2
36686.4
36713.6
36725.5
36747.1
36751.8
36806.9
36815.5
36826.0
36865.1
36869.3
36900.7
36906.4
36970.4
36978.8
36982.8
36991.8
37007.9
37020.6
37055.5
37066.7
37086.4
37101.4
37200.5
37210.0
37210.6
37237.6
37314.4
37315.4
37335.2
37338.5
37344.2
37344.5
37352.1
37369.7
37392.7
37401.7
37447.9
37450.8
37484.9
37528.8
37532.3
37621.5
37645.3
37686.4
37696.2
37699.2
37728.0
37749.3
37770.3
37770.9
37791.1
37800.5
37802.2
37812.4
37819.2
37831.3
37883.6
37897.3
37925.0
37931.3
37941.3
37971.3
37977.8
37984.1
37991.5
37993.9
38039.2
38047.2
38051.1
38054.2
38056.6
38084.8
38088.5
38188.9
38193.5
38199.3
38212.9
38215.9
38221.7
38223.5
38224.8
38224.9
38256.3
38270.3
38322.2
38324.4
38355.8
38388.4
38427.0
38439.8
38448.3
38473.0
38514.8
38536.9
38550.4
38577.7
38581.4
38587.8
38600.0
38600.6
38608.2
38620.0
38624.2
38632.0
38658.1
38666.0
38678.0
38734.8
38753.4
38763.7
38776.0
38810.8
38837.9
38841.9
38867.1
38900.7
38944.0
38951.2
38971.1
38973.9
38980.5
38982.0
38986.5
38988.2
38991.8
39014.1
39039.5
39110.6
39122.4
39125.9
39157.6
39161.5
39181.3
39191.7
39198.3
39201.8
39236.1
39237.4
39242.4
39262.6
39288.0
39288.7
39331.3
39337.3
39353.1
39359.1
39383.9
39393.7
39419.1
39443.1
39456.7
39469.4
39508.2
39509.0
39514.9
39525.8
39526.2
39530.3
39540.2
39578.2
39605.5
39606.3
39606.8
39625.5
39650.9
39681.7
39717.2
39719.4
39746.3
39762.2
39765.0
39865.2
39908.8
39917.5
39929.3
39952.7
39954.5
39984.4
39990.1
40037.5
40044.0
40070.3
40089.7
40096.2
40107.0
40114.0
40135.0
40167.5
40169.9
40229.2
40257.4
40259.8
40261.7
40263.9
40324.8
40389.8
40400.7
40430.5
40452.5
40491.3
40494.2
40505.1
40530.3
40562.3
40573.4
40598.3
40610.6
40631.8
40643.1
40653.9
40654.3
40657.2
40680.7
40687.0
40741.2
40753.6
40756.1
40771.7
40779.7
40791.8
40810.4
40813.7
40882.0
40949.2
40976.0
40999.9
41004.4
41011.4
41013.0
41050.8
41053.0
41053.8
41064.8
41082.5
41089.5
41108.1
41109.5
41113.1
41114.2
41148.0
41149.8
41151.8
41163.8
41184.2
41191.0
41200.1
41210.9
41218.6
41228.1
41234.7
41238.1
41254.4
41266.0
41279.9
41353.4
41353.5
41369.4
41372.3
41402.4
41410.4
41487.4
41528.9
41533.5
41571.7
41575.0
41583.9
41588.2
41588.9
41600.1
41600.9
41613.8
41621.7
41628.3
41640.4
41653.4
41704.5
41723.4
41729.2
41739.2
41747.3
41747.6
41803.5
41807.5
41813.0
41824.7
41893.4
41910.2
41915.5
41915.9
41918.3
41947.7
41967.2
41975.5
41985.2
42027.3
42070.8
42093.8
42117.4
42154.6
42189.0
42192.6
42197.8
42227.4
42243.5
42250.3
42260.0
42269.3
42287.9
42339.9
42371.5
42375.4
42380.5
42396.4
42423.1
42430.3
42439.7
42469.5
42472.8
42492.6
42492.9
42534.5
42565.9
42581.5
42586.8
42595.2
42636.4
42676.5
42677.7
42690.8
42722.6
42751.7
42780.1
42782.2
42827.3
42844.4
42861.6
42862.8
42995.8
42996.1
43034.8
43069.5
43084.2
43110.1
43112.8
43114.8
43121.2
43121.3
43152.2
43161.7
43170.4
43182.8
43202.8
43311.8
43317.2
43458.6
43505.0
43518.9
43520.8
43580.2
43615.0
43618.2
43700.0
43755.5
43759.1
43775.9
43801.3
43823.9
43883.0
43895.5
43907.4
43918.3
43940.6
43950.5
43978.3
43981.5
44077.5
44080.4
44116.9
44123.4
44184.8
44200.1
44242.3
44258.5
44281.5
44311.5
44312.6
44331.9
44333.3
44365.2
44386.4
44415.1
44466.2
44489.0
44496.2
44505.0
44524.5
44540.8
44601.8
44605.0
44608.5
44618.1
44624.7
44627.3
44680.9
44705.5
44712.2
44740.1
44787.2
44790.4
44825.5
44834.9
44890.7
44892.0
44936.9
44952.2
44976.7
45004.0
45013.6
45028.6
45041.7
45051.3
45078.5
45096.8
45142.3
45150.8
45165.2
45192.6
45192.8
45217.7
45254.0
45264.8
45300.7
45326.1
45465.3
45466.5
45548.6
45583.2
45604.2
45651.8
45662.3
45693.8
45693.9
45697.8
45711.5
45739.4
45793.2
45835.5
45836.2
45843.5
45848.6
45854.1
45997.9
46000.7
46014.6
46035.1
46037.0
46070.7
46072.0
46122.2
46127.5
46315.2
46386.5
46410.1
46418.2
46448.2
46457.8
46556.8
46568.3
46574.6
46667.6
46709.3
46737.1
46737.2
46746.5
46755.8
46817.4
46839.8
46842.6
46896.3
46923.6
46975.3
46980.3
47002.3
47059.7
47061.6
47062.1
47099.2
47133.1
47158.1
47252.9
47260.1
47308.0
47313.2
47339.5
47397.3
47408.4
47426.8
47452.4
47484.4
47502.1
47543.5
47546.0
47600.6
47630.3
47737.8
47759.3
47843.5
47909.7
47922.0
47959.5
47959.5
48070.0
48163.6
48177.8
48215.7
48270.8
48295.9
48407.2
48419.0
48451.6
48477.8
48486.5
48503.5
48689.6
48703.8
48803.7
48812.9
49107.6
49173.5
49222.2
49287.7
49292.8
49322.4
49553.1
49559.4
49635.3
49721.4
49742.6
49776.5
49783.8
49797.8
49823.5
49859.5
49898.0
49899.5
49907.9
49968.4
49991.9
49998.2
50040.6
50053.8
50166.8
50212.1
50227.4
50286.4
50298.5
50313.6
50406.9
50490.8
50505.7
50545.7
50551.3
50560.2
50576.1
50672.3
50728.0
50733.4
50819.6
51145.1
51146.7
51149.6
51202.9
51230.3
51242.8
51250.1
51307.4
51366.6
51388.2
51468.1
51565.0
51681.6
51772.9
51785.2
51811.5
52015.2
52054.6
52067.2
52335.3
52405.5
52775.4
52928.5
52974.8
53031.4
53084.3
53117.8
53484.4
53619.1
53654.3
53679.7
53754.6
53758.0
53803.7
53849.4
54036.8
54091.9
54119.6
54139.1
54177.4
54218.5
54375.5
54411.0
54509.1
54619.6
54728.3
55136.1
55296.3
55361.2
55502.6
55800.6
56216.8
56258.8
56572.4
56572.4
56624.1
57037.9
57380.8
57560.3
57610.6
57680.1
57826.8
57895.6
58162.4
58295.8
58391.8
58394.6
58584.7
58705.7
58819.9
58894.1
58902.9
59006.4
59752.1
60278.5
60865.9
61724.3
62180.1
62634.7
62853.2
64121.5
64333.2
65706.2
65826.3
70673.1
76894.8
