1717.0
1769.2
2093.5
2115.6
2165.0
2321.3
2335.3
2409.8
2412.1
2502.3
2572.8
2598.7
2748.7
2835.0
2836.8
2839.2
2896.6
2965.0
3003.2
3014.0
3055.0
3067.3
3076.7
3086.2
3124.0
3133.3
3154.9
3170.3
3173.7
3258.0
3260.7
3290.6
3298.7
3313.0
3337.2
3401.0
3461.9
3493.6
3494.1
3504.5
3522.1
3533.8
3554.3
3559.8
3632.3
3638.9
3650.6
3689.3
3694.1
3703.5
3706.5
3719.5
3724.7
3730.5
3740.2
3740.6
3760.7
3773.7
3776.1
3800.8
3802.1
3878.1
3882.3
3884.0
3894.0
3917.7
3937.4
3937.5
3945.1
3961.6
3993.7
4004.8
4006.7
4019.8
4059.1
4063.6
4082.0
4102.1
4119.9
4145.8
4147.6
4171.5
4181.0
4199.9
4214.2
4249.7
4266.5
4295.0
4297.3
4348.1
4374.0
4381.4
4401.6
4421.7
4461.6
4485.6
4487.9
4503.5
4545.1
4581.8
4592.4
4649.7
4674.1
4675.2
4704.2
4733.9
4737.0
4743.1
4787.3
4803.9
4829.1
4849.8
4851.2
4879.9
4904.4
4955.3
4961.2
4974.4
5023.9
5052.5
5056.2
5099.9
5175.1
5193.9
5209.6
5276.8
5279.9
5304.2
5327.3
5342.7
5345.2
5347.2
5392.6
5396.0
5456.2
5488.3
5497.2
5516.6
5523.3
5569.3
5606.5
5631.9
5647.4
5663.4
5666.5
5681.3
5718.1
5732.3
5817.9
5846.6
5869.6
5928.8
5945.2
5968.0
6060.8
6080.7
6094.3
6157.7
6168.1
6211.8
6234.2
6259.1
6261.2
6287.6
6308.9
6378.6
6399.7
6411.3
6517.7
6526.2
6534.1
6550.3
6592.0
6624.8
6659.2
6662.1
6682.8
6713.5
6772.7
6820.3
6833.0
6866.6
6904.4
6921.4
6927.1
7017.0
7099.9
7145.6
7200.3
7232.1
7339.5
7350.5
7353.9
7356.9
7358.7
7367.2
7418.9
7420.1
7423.9
7439.2
7447.8
7452.8
7454.2
7487.2
7648.3
7743.4
7746.2
7749.1
7782.9
7918.4
7948.5
7957.1
7959.4
7964.3
7983.6
8013.2
8019.3
8021.9
8030.3
8106.4
8137.7
8149.7
8171.5
8251.6
8261.0
8301.2
8304.3
8317.4
8322.2
8368.9
8414.7
8445.5
8537.2
8546.7
8549.7
8577.6
8615.2
8714.7
8723.5
8732.5
8734.3
8749.7
8766.3
8808.3
8862.2
8872.7
8889.6
8904.2
8922.3
8990.6
9061.0
9151.5
9171.2
9251.4
9306.6
9364.2
9457.7
9480.5
9514.2
9566.1
9730.3
9749.7
9771.6
9807.4
9815.7
9867.0
9867.4
9938.7
9953.2
9955.0
10049.9
10099.4
10117.3
10121.8
10134.8
10159.7
10245.7
10441.9
10491.7
10517.5
10518.5
10578.1
10632.6
10654.7
10665.5
10735.5
10780.5
10788.7
10802.0
10820.8
10826.5
10899.6
10919.4
10944.8
10993.0
11010.8
11027.1
11052.4
11074.0
11146.9
11180.7
11196.3
11226.0
11231.7
11262.0
11288.3
11306.8
11315.0
11332.1
11355.8
11469.0
11489.0
11537.3
11545.3
11553.8
11563.0
11595.4
11637.4
11689.9
11732.1
11756.5
11813.6
11844.4
11852.9
11886.5
11903.0
11934.8
12019.5
12027.9
12031.5
12081.3
12091.9
12091.9
12093.4
12144.8
12157.3
12165.0
12182.2
12208.2
12259.3
12269.6
12284.4
12324.1
12334.1
12354.5
12399.2
12463.7
12485.4
12490.5
12507.3
12565.0
12585.3
12624.9
12643.8
12761.6
12788.8
12794.9
12810.4
12892.2
12939.4
12990.7
13003.4
13021.3
13123.7
13160.0
13180.7
13243.3
13251.3
13253.3
13291.7
13309.5
13344.4
13346.6
13361.7
13364.3
13410.3
13442.8
13474.8
13491.0
13581.3
13588.9
13620.2
13654.2
13658.4
13661.7
13711.1
13737.5
13751.2
13809.4
13829.9
13847.7
13860.5
13863.0
13893.5
13904.8
13917.7
13920.8
13931.7
13932.5
13979.9
13984.4
13998.6
14007.6
14047.0
14061.4
14065.4
14080.5
14095.1
14131.3
14131.5
14150.5
14166.1
14183.9
14196.8
14203.5
14254.1
14260.0
14267.1
14312.6
14346.1
14349.0
14355.0
14373.2
14382.3
14389.4
14415.2
14467.8
14552.6
14567.2
14596.5
14605.3
14666.0
14683.7
14744.9
14777.8
14826.7
14857.1
14872.3
14873.8
14938.9
14945.1
15054.5
15065.6
15139.9
15150.4
15166.7
15188.5
15267.9
15286.3
15307.5
15311.4
15326.4
15353.4
15384.6
15388.4
15471.0
15492.3
15557.4
15561.5
15596.2
15654.2
15747.0
15761.6
15775.4
15797.1
15816.2
15834.8
15849.4
15866.8
15901.9
15954.2
16084.9
16096.2
16122.7
16127.1
16158.0
16162.9
16189.8
16196.2
16224.6
16298.4
16303.6
16367.6
16432.9
16456.4
16475.9
16479.4
16493.1
16520.9
16524.9
16547.7
16554.7
16575.3
16593.1
16598.7
16608.5
16616.2
16648.3
16658.3
16664.7
16760.6
16771.6
16787.0
16797.0
16818.6
16833.1
16840.3
16866.6
16911.2
16991.4
16994.8
17000.6
17001.3
17003.6
17009.1
17038.4
17045.0
17050.3
17102.0
17117.2
17152.1
17173.5
17182.0
17217.0
17231.8
17238.2
17242.7
17299.0
17320.8
17325.4
17415.1
17417.0
17423.9
17475.2
17488.5
17503.8
17507.9
17566.4
17569.1
17592.1
17658.2
17669.6
17677.6
17678.8
17739.7
17766.7
17781.0
17787.0
17808.2
17812.9
17843.8
17928.8
17955.7
17983.6
17997.9
17999.2
18002.7
18021.8
18030.9
18077.3
18123.5
18127.1
18178.9
18246.4
18251.7
18277.5
18291.3
18351.7
18417.1
18435.7
18464.2
18488.3
18514.8
18518.2
18525.6
18546.7
18562.4
18598.5
18614.2
18665.8
18848.7
18927.7
18941.0
18952.8
18981.7
19117.2
19272.8
19279.2
19314.7
19346.5
19370.7
19389.3
19425.7
19429.7
19471.2
19496.7
19601.2
19623.5
19685.9
19705.1
19758.0
19760.5
19823.6
19887.3
19937.6
20036.4
20064.9
20087.7
20114.5
20117.3
20160.0
20171.4
20199.8
20258.0
20335.3
20346.1
20347.0
20348.4
20362.1
20386.7
20429.3
20468.2
20483.9
20496.5
20499.3
20511.0
20515.0
20577.2
20627.8
20634.2
20635.2
20654.3
20660.0
20667.4
20668.0
20732.5
20761.7
20800.2
20864.0
20868.7
20938.6
20949.6
20974.7
21019.7
21066.0
21100.0
21157.3
21286.9
21319.6
21336.8
21352.8
21354.7
21364.3
21367.3
21436.8
21504.5
21505.4
21525.9
21568.0
21641.5
21654.4
21793.0
21814.0
21825.4
21886.5
21890.8
21913.9
21917.1
21945.5
21981.2
21987.5
22021.1
22078.1
22121.1
22127.7
22128.0
22133.1
22141.1
22170.6
22215.5
22258.9
22272.2
22274.5
22287.4
22289.3
22291.1
22325.7
22350.1
22353.3
22354.9
22364.9
22391.3
22394.0
22428.2
22467.4
22494.3
22530.3
22550.1
22591.4
22621.1
22653.5
22712.2
22719.9
22735.3
22749.4
22834.5
22899.4
22921.0
22976.6
22989.9
23060.1
23143.0
23147.1
23171.6
23192.1
23244.0
23261.9
23448.5
23452.8
23477.1
23505.5
23509.7
23553.7
23563.0
23563.6
23623.2
23658.2
23662.1
23706.5
23790.9
23876.1
24021.7
24094.5
24112.6
24121.4
24150.6
24187.9
24235.6
24303.3
24318.5
24340.6
24340.7
24367.2
24369.3
24392.2
24430.8
24463.7
24523.8
24624.2
24630.9
24656.8
24748.2
24760.3
24762.0
24802.1
24806.9
24824.0
24903.7
24935.2
24951.8
24960.9
24967.8
25057.8
25095.1
25114.3
25310.2
25320.0
25419.4
25497.7
25554.8
25557.0
25581.5
25680.4
25691.6
25700.2
25748.9
25755.1
25767.2
25769.0
25872.9
25924.7
25936.3
26003.7
26037.6
26091.3
26131.7
26175.3
26200.6
26280.3
26302.9
26330.7
26337.0
26364.8
26454.2
26457.9
26468.5
26486.8
26491.9
26545.8
26603.6
26719.9
26730.5
26800.6
26841.2
27026.8
27092.7
27120.5
27130.2
27139.6
27165.3
27339.1
27340.8
27398.5
27420.8
27456.8
27476.4
27493.0
27526.4
27599.0
27630.7
27652.0
27689.2
27700.9
27743.9
27744.5
27744.7
27754.3
27789.1
27804.8
27853.3
27931.8
27948.4
27956.1
28012.6
28022.3
28042.2
28076.0
28177.7
28186.4
28217.3
28235.4
28250.0
28264.8
28352.6
28383.3
28395.9
28399.9
28408.7
28424.3
28564.3
28617.8
28629.9
28650.1
28709.3
28832.8
28848.5
28851.0
28852.4
28897.8
29002.5
29005.8
29008.6
29019.0
29039.0
29084.1
29157.9
29198.5
29231.5
29294.5
29300.6
29311.2
29317.1
29393.2
29422.4
29427.4
29519.9
29708.7
29932.8
30057.5
30198.3
30325.9
30358.2
30415.9
30452.8
30556.0
30759.5
30766.7
30815.5
30981.1
31008.8
31098.8
31376.0
31441.0
31465.5
31669.6
31719.6
31822.2
31842.2
31851.2
31867.4
31919.0
32002.4
32014.1
32044.5
32085.1
32118.7
32146.1
32195.2
32225.3
32232.9
32469.5
32476.1
32478.8
32548.1
32620.6
32692.1
32719.8
32730.6
32980.3
32996.3
33068.5
33071.2
33185.1
33574.8
33602.8
33679.0
33736.2
33980.6
34382.3
34383.7
34385.9
34411.2
34565.6
34656.2
34687.2
34727.1
34931.5
35185.5
35326.3
35425.2
35578.8
35579.2
35634.1
35857.5
36163.6
36201.8
36293.8
36436.8
36621.0
36771.9
36891.3
37303.0
37373.8
37448.0
37534.0
37541.2
37551.3
37608.1
38021.1
38212.3
38356.1
38809.8
38975.6
39255.2
39285.2
39781.9
40542.5
40719.8
40870.9
41630.7
41640.3
41996.8
42105.9
42560.3
42801.8
42822.7
43166.0
43296.0
43627.8
44031.6
45404.3
46201.4
47176.7
47611.3
47626.8
47703.7
48176.0
48232.4
49645.3
50292.2
50771.0
50838.8
51283.0
52314.0
52528.3
55674.7
57698.2
58263.0
59515.7
61752.2
