1055.5
1077.9
1164.8
1225.1
1263.9
1265.1
1303.2
1316.1
1333.0
1368.5
1388.8
1390.0
1517.8
1519.8
1528.8
1560.0
1568.0
1579.7
1642.8
1644.7
1654.2
1687.6
1719.2
1755.0
1761.2
1768.2
1770.8
1782.3
1797.4
1816.0
1829.2
1831.4
1836.4
1838.7
1851.3
1866.6
1870.6
1880.5
1886.2
1927.8
1929.7
1932.7
1938.9
1946.3
1954.7
1962.2
1990.1
1990.9
2003.5
2007.3
2018.0
2040.0
2063.5
2071.4
2071.6
2085.2
2106.4
2114.9
2149.7
2151.2
2176.7
2199.0
2201.0
2207.9
2235.2
2269.5
2285.7
2292.3
2308.7
2321.8
2328.1
2332.8
2352.4
2366.6
2383.6
2390.3
2390.4
2400.9
2419.0
2428.0
2429.3
2444.3
2450.3
2467.0
2467.9
2471.9
2487.2
2507.0
2507.8
2538.5
2541.8
2554.0
2559.6
2561.3
2574.4
2580.9
2583.0
2598.0
2600.6
2601.0
2603.8
2606.7
2630.0
2630.2
2637.8
2645.9
2648.7
2672.9
2684.0
2698.5
2699.9
2704.2
2715.7
2722.3
2724.4
2726.6
2727.1
2732.1
2733.5
2770.4
2772.2
2773.8
2775.0
2778.7
2780.2
2782.4
2804.8
2812.2
2835.6
2836.4
2856.2
2864.2
2883.2
2889.5
2894.5
2914.4
2920.0
2922.3
2925.1
2931.0
2931.1
2935.7
2936.3
2943.2
2946.9
2949.2
2959.3
2962.3
2963.1
2964.0
2964.3
2973.5
2986.3
2992.2
2996.6
3005.0
3006.5
3011.5
3020.9
3034.5
3039.8
3041.4
3051.3
3051.6
3063.0
3068.1
3071.7
3074.9
3078.5
3080.3
3084.5
3104.6
3116.4
3129.3
3130.9
3131.6
3137.3
3141.0
3155.6
3156.2
3159.3
3163.2
3194.3
3195.0
3205.7
3208.5
3213.9
3221.8
3235.5
3244.8
3255.9
3274.4
3275.6
3276.3
3281.7
3282.8
3284.9
3287.5
3333.0
3335.0
3335.8
3349.9
3366.2
3383.5
3384.1
3400.2
3403.9
3407.8
3412.3
3416.4
3422.0
3432.8
3434.8
3437.7
3458.9
3464.4
3475.4
3496.5
3506.9
3511.7
3523.5
3525.7
3525.8
3539.7
3546.6
3548.0
3553.7
3556.0
3560.0
3562.8
3564.2
3585.6
3586.3
3593.6
3598.5
3598.9
3607.9
3615.8
3616.5
3651.3
3658.2
3668.9
3682.0
3683.3
3683.6
3685.7
3694.4
3721.3
3723.0
3724.0
3739.2
3762.2
3764.3
3765.3
3779.7
3785.6
3787.1
3817.2
3821.9
3828.2
3832.8
3841.2
3854.2
3859.2
3881.0
3884.2
3894.9
3896.2
3896.6
3905.5
3907.3
3909.3
3917.2
3941.9
3946.9
3960.2
3975.8
3984.7
3989.7
4003.4
4010.9
4011.6
4011.7
4017.6
4029.3
4038.8
4043.7
4044.7
4045.6
4052.9
4054.8
4085.7
4088.2
4094.9
4100.9
4127.4
4127.5
4137.5
4150.6
4164.1
4177.9
4189.1
4208.2
4210.6
4214.4
4222.0
4246.7
4247.2
4267.5
4271.2
4272.6
4277.2
4282.6
4290.2
4307.9
4308.7
4325.9
4344.4
4347.1
4348.8
4353.2
4355.4
4366.4
4373.6
4374.0
4375.4
4386.5
4397.5
4398.8
4404.9
4415.0
4423.9
4425.9
4426.3
4440.8
4453.2
4465.9
4507.3
4529.1
4535.8
4536.8
4537.8
4559.7
4578.4
4581.2
4585.6
4592.6
4592.6
4599.1
4600.0
4603.5
4626.6
4628.3
4634.1
4667.1
4673.6
4688.5
4690.1
4691.4
4692.0
4703.1
4710.5
4710.7
4713.0
4716.0
4728.1
4735.2
4736.7
4754.0
4761.8
4767.8
4781.8
4798.0
4805.8
4815.4
4835.1
4836.7
4847.6
4874.4
4874.5
4875.4
4886.1
4890.5
4891.1
4908.6
4911.0
4918.0
4921.7
4949.1
4962.3
4969.4
4984.8
5004.5
5016.6
5020.0
5022.8
5026.3
5035.7
5038.0
5043.5
5044.7
5055.9
5085.1
5096.2
5106.5
5118.0
5122.6
5130.5
5131.6
5181.6
5187.2
5189.4
5202.6
5215.1
5222.8
5225.1
5226.2
5255.3
5257.0
5258.1
5263.6
5265.3
5279.4
5300.4
5307.2
5324.4
5330.4
5338.8
5347.7
5377.8
5382.6
5388.7
5401.4
5410.1
5414.4
5415.5
5452.0
5454.7
5480.1
5484.9
5489.6
5490.0
5499.5
5509.4
5512.7
5515.3
5521.3
5523.0
5523.6
5526.3
5526.9
5537.1
5539.0
5546.6
5577.9
5596.3
5606.7
5609.1
5627.3
5640.7
5652.3
5655.9
5657.2
5661.5
5664.8
5665.7
5670.5
5671.8
5702.8
5706.6
5709.9
5713.8
5714.0
5714.5
5716.5
5721.1
5739.7
5749.8
5778.9
5783.5
5791.6
5792.2
5796.2
5831.3
5840.2
5851.4
5855.3
5878.4
5880.7
5888.8
5899.6
5951.1
5960.4
5977.2
5989.7
5994.8
5995.2
6021.5
6030.4
6033.1
6045.6
6047.2
6049.5
6051.7
6062.8
6068.3
6069.0
6069.7
6072.7
6075.2
6078.7
6085.8
6092.0
6096.8
6104.7
6105.7
6111.0
6112.7
6127.9
6147.9
6167.2
6170.1
6183.7
6185.5
6185.6
6190.3
6191.0
6194.7
6199.0
6211.3
6212.8
6221.2
6222.8
6236.2
6237.3
6239.3
6239.6
6248.3
6264.2
6266.6
6280.0
6288.9
6292.8
6297.9
6313.8
6326.7
6332.1
6355.8
6358.0
6361.2
6377.1
6385.4
6388.8
6398.2
6435.2
6444.1
6445.8
6474.0
6499.9
6520.7
6521.2
6522.0
6529.9
6548.9
6586.3
6589.9
6590.4
6592.6
6601.9
6648.2
6652.8
6653.5
6683.4
6689.8
6704.3
6716.3
6718.7
6719.9
6727.1
6729.9
6770.5
6784.7
6784.8
6794.8
6812.5
6828.1
6832.9
6835.3
6846.6
6852.9
6855.7
6880.6
6887.4
6888.5
6900.6
6904.4
6911.5
6913.0
6923.4
6930.8
6950.9
6958.2
6975.2
6983.5
7007.8
7022.6
7026.9
7049.0
7073.7
7131.2
7140.6
7149.3
7151.5
7158.6
7185.3
7227.5
7237.7
7243.6
7271.7
7286.2
7299.9
7303.6
7314.0
7339.7
7342.2
7345.1
7346.1
7360.8
7371.7
7375.8
7377.7
7379.3
7391.8
7400.9
7410.8
7416.9
7420.6
7432.1
7433.3
7433.4
7450.2
7451.1
7453.6
7456.9
7475.5
7482.0
7522.8
7524.8
7558.5
7573.0
7587.7
7590.2
7590.8
7600.4
7619.5
7630.9
7635.0
7639.1
7659.6
7669.8
7684.2
7686.3
7714.8
7742.6
7758.4
7763.9
7771.3
7785.2
7786.5
7789.3
7794.5
7794.6
7798.5
7851.7
7867.8
7869.5
7870.5
7883.7
7888.3
7889.1
7920.3
7921.6
7922.5
7928.1
7953.4
7966.8
7984.5
7986.8
7999.4
8015.1
8019.4
8084.5
8096.0
8122.8
8125.1
8127.2
8127.2
8145.1
8145.3
8170.6
8173.1
8229.9
8256.9
8264.9
8267.3
8274.8
8284.2
8284.7
8284.8
8303.4
8306.9
8325.8
8330.6
8340.2
8364.5
8373.3
8387.7
8398.3
8400.4
8421.4
8429.7
8442.1
8457.1
8464.8
8497.8
8514.3
8517.1
8529.5
8532.2
8538.1
8543.2
8543.6
8555.7
8566.7
8567.1
8588.1
8592.7
8593.4
8596.2
8597.8
8598.8
8601.8
8611.1
8615.1
8620.8
8622.2
8629.8
8682.2
8688.4
8693.8
8710.2
8714.3
8722.8
8727.6
8761.5
8793.0
8794.1
8852.7
8861.4
8870.3
8874.4
8875.1
8899.7
8903.8
8913.6
8917.9
8927.7
8936.1
8968.8
8983.2
9028.5
9050.9
9062.8
9079.7
9087.4
9088.2
9101.5
9112.7
9132.1
9143.5
9145.0
9146.2
9149.9
9159.0
9195.4
9198.4
9204.4
9214.8
9224.6
9227.6
9242.7
9252.8
9256.5
9260.6
9283.5
9298.3
9306.2
9343.0
9346.8
9358.3
9371.2
9385.9
9388.7
9401.1
9427.5
9437.6
9439.0
9442.7
9443.9
9464.9
9480.0
9483.7
9508.0
9566.2
9579.2
9581.8
9637.8
9640.5
9647.5
9650.4
9662.9
9696.0
9704.3
9711.9
9754.6
9804.6
9818.3
9841.2
9871.1
9904.9
9911.9
9941.3
10026.4
10036.2
10039.9
10051.9
10099.8
10143.0
10184.8
10219.6
10260.8
10260.9
10296.9
10329.2
10345.7
10350.8
10354.7
10384.9
10404.4
10443.8
10478.6
10482.5
10491.8
10512.7
10523.6
10560.0
10653.4
10658.4
10669.8
10695.7
10726.7
10734.2
10815.4
10928.6
10930.9
10963.3
10985.4
11064.6
11067.9
11085.0
11097.1
11148.4
11162.6
11171.7
11205.4
11222.2
11241.8
11265.0
11271.9
11274.5
11315.6
11365.2
11368.7
11369.5
11373.1
11380.3
11391.7
11441.6
11495.8
11504.4
11516.6
11537.0
11554.1
11586.2
11619.3
11653.1
11660.2
11697.7
11745.1
11789.9
11812.8
11819.5
11847.2
11916.7
11942.0
11972.5
11999.4
12043.8
12044.2
12044.9
12047.3
12069.5
12126.2
12135.9
12137.8
12158.4
12190.7
12205.5
12238.8
12355.2
12399.5
12421.5
12522.2
12576.6
12604.3
12627.3
12640.1
12661.4
12751.7
12817.4
12828.1
12861.3
12922.3
12930.5
12974.0
13002.8
13005.5
13140.6
13156.7
13163.5
13168.9
13205.5
13231.7
13255.8
13374.4
13402.9
13448.1
13475.6
13507.9
13592.2
13721.2
13864.6
13896.2
13992.4
14138.8
14153.9
14190.1
14259.0
14281.7
14285.6
14325.3
14336.6
14353.2
14382.4
14426.6
14457.8
14537.9
14593.7
14605.0
14764.2
14789.8
14929.4
14998.9
15053.5
15059.8
15198.4
15335.2
15377.0
15754.9
15820.5
16063.7
16517.4
16914.0
17007.1
17044.9
17103.0
17416.8
17689.0
17761.8
18265.3
18434.7
18515.0
18975.0
18979.1
19009.7
19192.3
19966.5
20714.5
23777.3
24661.8
