20030.0
22401.3
22453.5
22991.8
23021.4
23038.2
23098.0
23228.0
23323.1
23575.5
23683.6
23863.4
23936.6
24803.3
25115.5
25560.1
25730.4
25819.0
25922.2
26111.1
26175.3
26185.8
26297.3
26358.7
26389.1
26483.6
26858.7
27061.8
27178.4
27282.2
27498.1
27565.0
27582.9
27636.0
27648.8
27779.9
27800.4
27876.3
27907.9
27927.7
27946.0
28030.8
28113.0
28132.2
28278.6
28293.9
28306.7
28331.9
28352.5
28402.9
28510.9
28518.2
28557.4
28560.9
28572.6
28656.7
28671.3
28800.2
28860.0
28874.8
28895.6
28910.6
28996.2
29043.6
29061.4
29095.2
29105.1
29123.4
29157.3
29245.3
29288.0
29306.0
29380.1
29384.3
29487.4
29515.5
29604.7
29640.3
29710.6
29718.0
29794.7
29905.8
30033.3
30117.5
30190.4
30224.4
30228.0
30250.2
30298.8
30363.4
30423.7
30486.3
30586.4
30657.4
30705.9
30707.7
30727.7
30752.2
30793.7
30822.4
30884.5
30888.7
30936.3
30997.8
31096.6
31121.1
31145.1
31166.6
31292.2
31294.9
31299.7
31406.9
31424.4
31483.5
31495.2
31532.6
31569.2
31592.1
31610.8
31622.1
31674.1
31710.4
31721.8
31750.5
31750.5
31762.4
31807.3
31830.5
31852.9
31874.5
31877.4
31907.6
32022.5
32090.9
32093.8
32116.9
32125.0
32131.1
32149.0
32149.2
32151.0
32242.5
32307.7
32323.3
32362.7
32398.9
32435.7
32469.6
32481.4
32498.4
32500.1
32520.7
32522.0
32528.7
32545.8
32574.4
32627.3
32627.5
32642.1
32672.0
32681.9
32687.8
32699.1
32757.1
32775.9
32787.0
32811.5
32880.3
32901.7
32951.3
32977.6
32977.9
33043.4
33075.4
33081.5
33086.8
33129.8
33159.5
33198.6
33200.4
33204.9
33214.8
33251.0
33251.0
33270.6
33299.9
33360.9
33375.1
33386.1
33393.7
33393.9
33395.1
33418.0
33444.5
33552.0
33666.7
33685.0
33707.0
33751.4
33753.9
33764.1
33815.4
33823.5
33827.0
33864.4
33877.8
33899.6
33914.6
33926.1
33930.1
33949.4
33968.2
33973.3
33988.8
33998.7
34033.1
34071.7
34074.0
34094.5
34122.1
34133.4
34186.6
34190.7
34199.5
34220.9
34221.4
34260.4
34289.8
34298.6
34355.4
34394.5
34411.1
34419.3
34428.3
34486.7
34502.6
34512.7
34512.8
34518.3
34544.0
34550.9
34552.2
34552.2
34642.7
34652.0
34652.4
34668.2
34672.1
34672.1
34697.4
34718.3
34730.5
34736.5
34752.6
34808.3
34833.1
34843.6
34844.1
34844.2
34901.7
34955.4
34964.4
34967.4
35033.6
35052.1
35068.3
35093.8
35124.5
35129.7
35154.7
35179.2
35194.7
35256.7
35396.8
35404.0
35434.1
35437.5
35439.3
35480.4
35518.5
35558.4
35595.6
35608.3
35609.7
35611.2
35622.3
35623.2
35646.4
35647.4
35755.2
35785.2
35790.6
35798.1
35804.6
35860.8
35861.6
35891.4
35946.3
35965.6
35969.1
35985.5
35990.4
35992.0
36018.3
36020.2
36052.3
36075.1
36077.5
36083.9
36094.1
36101.2
36103.5
36146.9
36176.4
36179.7
36218.5
36219.8
36269.5
36270.9
36336.2
36344.3
36350.4
36351.1
36391.0
36416.6
36424.6
36442.8
36463.7
36486.9
36487.5
36487.6
36492.7
36499.2
36521.2
36538.8
36556.7
36576.2
36598.7
36655.4
36674.9
36675.9
36697.7
36701.1
36706.1
36714.7
36723.5
36733.7
36739.5
36743.2
36748.6
36806.3
36833.7
36899.5
36900.0
36919.9
36972.0
36986.4
36996.9
37019.2
37032.0
37039.8
37079.7
37085.7
37114.8
37145.2
37146.5
37160.2
37203.8
37210.1
37210.3
37220.0
37232.7
37265.9
37326.2
37332.0
37336.5
37353.0
37379.5
37386.0
37398.1
37442.4
37458.2
37465.6
37481.1
37490.8
37491.7
37513.9
37532.0
37536.4
37541.7
37566.7
37597.6
37606.8
37609.8
37620.9
37666.1
37687.4
37698.2
37707.7
37712.5
37725.9
37742.6
37746.0
37770.4
37792.1
37794.4
37870.8
37872.5
37875.9
37900.3
37950.6
37968.9
37985.7
37999.5
38021.7
38053.6
38066.8
38099.3
38139.0
38152.3
38212.3
38226.2
38238.4
38259.0
38259.2
38315.1
38318.0
38341.9
38359.0
38368.0
38412.5
38432.2
38489.5
38513.8
38514.0
38533.0
38541.0
38544.0
38564.0
38567.5
38600.4
38607.7
38624.3
38632.9
38665.4
38668.1
38704.4
38706.3
38725.3
38737.0
38738.6
38761.8
38841.0
38856.4
38888.9
38910.3
38938.5
38988.6
38991.5
39006.3
39053.9
39074.4
39096.7
39101.9
39114.1
39125.6
39182.7
39185.6
39203.8
39211.4
39243.5
39261.0
39263.8
39264.9
39283.2
39290.7
39296.5
39369.7
39393.8
39432.2
39446.1
39456.7
39475.8
39480.9
39491.8
39503.0
39519.2
39547.7
39550.0
39552.4
39553.7
39599.1
39611.8
39612.2
39635.3
39670.0
39671.8
39690.1
39720.9
39767.7
39774.4
39788.2
39792.1
39801.7
39823.3
39825.6
39855.8
39864.9
39899.4
39917.8
39993.3
39993.8
40000.6
40011.1
40021.1
40033.7
40072.8
40094.8
40113.2
40147.8
40184.4
40209.4
40233.5
40235.2
40239.5
40239.9
40241.5
40284.8
40301.9
40303.1
40352.6
40427.2
40451.3
40469.8
40477.0
40481.5
40485.4
40518.2
40523.5
40526.7
40533.1
40537.8
40550.3
40621.8
40622.1
40647.7
40654.8
40657.5
40667.6
40688.9
40692.6
40711.0
40729.3
40740.1
40767.2
40770.9
40778.4
40790.8
40805.7
40815.2
40827.6
40831.2
40837.3
40857.3
40890.5
40960.5
40961.3
40963.5
40978.0
41021.5
41029.8
41043.9
41050.0
41065.3
41072.5
41075.5
41085.1
41091.7
41143.0
41155.2
41160.8
41179.9
41181.6
41184.1
41188.2
41191.3
41201.7
41203.5
41217.3
41232.9
41245.9
41284.8
41318.7
41323.3
41324.2
41325.3
41347.6
41348.5
41371.1
41391.4
41428.6
41453.8
41456.4
41478.2
41554.0
41558.0
41646.6
41687.5
41697.0
41732.4
41774.0
41783.8
41798.2
41838.2
41908.9
41910.4
41945.8
41952.6
41991.5
42047.8
42054.3
42054.4
42063.0
42075.3
42085.6
42106.8
42122.2
42150.2
42169.2
42204.7
42214.4
42251.7
42256.1
42261.9
42275.6
42301.4
42367.5
42385.9
42393.4
42429.0
42479.8
42521.3
42526.3
42540.4
42640.1
42645.1
42661.6
42683.8
42683.9
42684.1
42718.6
42741.7
42763.6
42776.0
42825.4
42825.6
42828.4
42873.7
42874.1
42881.2
42886.2
42928.9
42930.5
42937.8
42941.6
43035.0
43038.3
43065.8
43090.3
43099.5
43173.5
43206.2
43225.0
43253.8
43254.6
43255.6
43259.4
43282.4
43320.0
43341.2
43344.4
43375.7
43391.8
43394.5
43436.1
43528.6
43537.3
43551.8
43587.5
43626.6
43653.8
43718.7
43782.3
43844.3
43863.6
43874.2
43893.2
43961.7
43976.3
43976.4
43990.1
44073.8
44078.5
44082.7
44095.5
44125.2
44140.4
44176.0
44177.0
44187.5
44218.8
44237.5
44248.6
44270.5
44272.2
44285.9
44306.5
44324.0
44325.6
44356.4
44371.0
44418.8
44434.1
44484.0
44500.5
44526.7
44545.7
44554.0
44590.0
44603.3
44614.7
44634.3
44645.6
44813.5
44842.8
44846.2
44870.7
44890.7
44930.6
44934.6
44979.1
45001.2
45032.2
45034.0
45054.4
45080.8
45190.3
45255.3
45256.5
45282.2
45286.8
45388.0
45397.5
45443.9
45444.4
45453.2
45458.5
45467.9
45497.9
45513.5
45514.1
45516.0
45519.1
45593.3
45696.1
45699.5
45737.9
45813.4
45817.8
45876.7
45884.0
45930.2
45950.0
45975.1
46019.6
46049.0
46141.5
46157.4
46159.8
46227.8
46254.0
46260.5
46294.1
46364.3
46365.4
46387.2
46392.2
46397.5
46397.9
46410.9
46485.7
46529.9
46555.7
46607.5
46669.7
46678.1
46731.5
46775.5
46775.9
46808.6
46844.2
46955.0
47014.5
47036.7
47041.2
47075.5
47076.9
47082.1
47100.3
47146.2
47157.0
47173.1
47221.2
47280.1
47289.8
47292.0
47305.1
47317.7
47323.1
47364.2
47407.3
47445.7
47589.9
47603.1
47625.9
47638.6
47641.5
47650.0
47676.8
47691.8
47695.1
47707.6
47739.0
47748.4
47761.3
47766.9
47778.2
47784.4
47786.8
47790.6
47855.3
47884.9
47891.7
47904.4
48028.1
48112.9
48128.6
48171.7
48177.3
48214.5
48279.1
48404.1
48413.3
48414.5
48421.5
48434.7
48439.5
48458.6
48545.1
48554.3
48575.7
48632.7
48663.4
48694.4
48748.6
48749.9
48757.2
48858.1
48883.5
48980.3
49006.4
49049.9
49072.4
49091.1
49182.0
49182.6
49192.1
49197.9
49206.8
49348.6
49367.5
49402.4
49440.0
49516.3
49542.8
49566.2
49569.2
49624.3
49669.8
49682.6
49751.0
49802.3
49885.2
49962.2
49971.4
49972.9
50238.3
50249.9
50267.0
50345.6
50373.1
50490.8
50497.9
50556.8
50567.3
50591.2
50671.4
50676.8
50707.2
50736.8
50740.0
50743.4
50744.7
50867.8
50894.3
50895.9
50948.5
50964.6
51022.0
51123.3
51142.8
51260.2
51349.4
51374.1
51421.1
51525.9
51546.3
51590.2
51692.2
51780.9
51821.8
51845.7
51847.8
51897.0
51952.8
52050.6
52182.4
52188.1
52190.6
52285.9
52438.5
52444.3
52485.0
52552.4
52743.5
52874.1
52919.6
53048.5
53143.4
53390.8
53586.2
53691.2
53711.0
53830.8
53914.8
53963.2
53989.8
54020.3
54275.3
54481.9
54505.5
54723.8
54804.0
54886.6
54931.7
54932.8
54933.2
54974.7
55060.1
55104.1
55420.0
55422.0
55515.3
55578.6
55653.5
56323.4
56666.5
56716.8
56775.1
57116.7
57176.8
57204.0
57566.1
58216.0
58502.8
58662.3
58910.5
59661.9
59697.3
59955.3
60505.9
61011.0
61140.4
61172.7
61382.4
61908.1
62005.1
62044.8
62371.0
77606.0
