894.0
966.0
1008.5
1135.6
1144.3
1153.0
1168.0
1170.2
1201.1
1213.1
1282.9
1305.8
1314.2
1356.3
1357.5
1379.7
1380.2
1384.7
1390.6
1391.9
1416.8
1426.8
1431.9
1435.6
1464.5
1474.5
1488.6
1509.0
1515.9
1522.1
1523.2
1560.3
1574.2
1576.4
1583.0
1596.9
1624.9
1648.5
1650.4
1651.0
1696.8
1702.9
1724.7
1757.2
1766.6
1770.4
1773.6
1777.5
1778.8
1789.9
1802.3
1805.2
1819.2
1822.8
1839.9
1866.0
1940.9
1944.2
1964.4
1996.7
2003.9
2008.4
2013.1
2020.1
2025.9
2052.9
2053.1
2072.5
2074.2
2076.2
2100.8
2109.8
2113.2
2123.7
2125.3
2129.6
2136.2
2140.1
2152.7
2159.1
2164.7
2168.8
2189.2
2192.1
2194.9
2195.5
2200.3
2207.6
2227.4
2228.9
2231.2
2240.6
2243.4
2266.3
2296.3
2299.4
2300.7
2319.0
2325.0
2331.2
2350.0
2354.8
2367.0
2378.6
2380.6
2380.6
2386.9
2398.9
2399.5
2417.5
2435.4
2470.8
2473.9
2475.0
2487.0
2488.6
2499.1
2508.3
2510.3
2529.7
2558.2
2572.9
2587.8
2590.0
2592.9
2601.1
2604.7
2605.0
2615.2
2631.3
2637.7
2638.5
2640.1
2651.8
2655.8
2671.8
2693.5
2695.5
2699.3
2703.8
2705.7
2715.6
2722.0
2747.8
2752.1
2782.2
2783.1
2793.0
2794.7
2803.1
2803.2
2818.6
2818.9
2832.8
2845.8
2860.0
2871.2
2884.9
2889.0
2893.0
2908.0
2919.5
2928.6
2942.2
2947.1
2953.2
2954.1
2954.6
2970.5
2985.6
2987.0
2988.1
2994.2
3014.9
3022.2
3024.0
3025.8
3039.0
3045.8
3048.2
3051.0
3071.1
3074.0
3078.2
3083.9
3090.1
3092.9
3093.8
3097.4
3110.4
3111.0
3112.1
3117.2
3135.8
3140.3
3142.0
3154.1
3164.1
3172.2
3176.7
3176.8
3179.9
3187.0
3198.8
3203.0
3232.4
3275.6
3288.9
3293.7
3295.2
3303.7
3307.3
3317.2
3317.3
3322.2
3342.8
3350.7
3353.6
3353.7
3360.3
3360.4
3360.6
3370.9
3378.0
3397.6
3399.2
3404.3
3416.0
3418.1
3418.5
3419.2
3429.9
3433.8
3434.7
3454.2
3459.7
3467.3
3469.7
3473.5
3479.1
3490.0
3503.9
3505.5
3507.4
3510.8
3521.8
3527.5
3569.8
3570.5
3580.8
3581.0
3587.7
3598.6
3608.2
3619.7
3620.1
3625.5
3626.1
3644.3
3662.2
3662.6
3663.0
3666.5
3678.6
3679.1
3687.2
3694.5
3713.7
3741.3
3755.2
3767.4
3783.5
3800.9
3801.1
3803.5
3803.9
3808.3
3814.0
3818.2
3824.8
3828.6
3839.8
3840.9
3845.5
3852.1
3852.6
3859.0
3873.0
3887.5
3924.3
3933.5
3947.0
3952.3
3960.8
3969.3
3991.1
4011.2
4012.3
4022.8
4032.5
4039.2
4041.5
4041.8
4054.6
4070.0
4078.7
4101.0
4106.0
4114.5
4118.5
4137.1
4141.4
4141.5
4147.7
4157.9
4158.1
4163.0
4168.3
4186.9
4197.4
4198.7
4230.5
4235.5
4236.8
4241.4
4246.1
4250.0
4250.9
4252.1
4264.8
4264.9
4286.6
4315.7
4330.3
4331.0
4340.4
4355.7
4360.0
4364.1
4366.2
4373.0
4387.0
4388.0
4427.7
4434.0
4447.5
4452.2
4457.3
4467.5
4471.4
4479.6
4481.1
4481.8
4491.6
4491.9
4500.5
4501.3
4505.1
4505.5
4509.2
4516.7
4523.5
4524.5
4525.3
4525.5
4531.2
4533.7
4540.5
4542.3
4544.7
4548.4
4557.0
4562.4
4565.1
4591.7
4595.5
4601.3
4624.0
4684.3
4684.7
4685.9
4696.0
4700.9
4704.1
4706.5
4713.3
4714.7
4717.0
4725.4
4738.3
4751.8
4755.4
4762.7
4768.2
4783.0
4793.7
4800.3
4800.7
4816.3
4824.5
4825.2
4831.2
4840.0
4854.9
4874.5
4892.9
4929.4
4931.1
4935.8
4942.7
4949.6
4979.5
4983.1
4985.7
4996.0
5008.2
5012.6
5015.7
5045.6
5045.9
5074.6
5106.7
5106.8
5159.5
5165.4
5184.0
5188.3
5188.7
5204.7
5206.0
5214.0
5221.3
5225.7
5232.0
5238.8
5247.3
5251.5
5253.0
5262.8
5266.5
5281.1
5289.3
5302.4
5305.6
5334.3
5367.8
5373.0
5373.9
5376.2
5392.5
5402.2
5405.4
5441.8
5461.7
5468.6
5475.3
5487.4
5494.2
5499.6
5509.3
5509.5
5519.8
5529.4
5532.5
5532.8
5535.8
5550.6
5553.6
5561.7
5563.1
5580.8
5587.0
5605.5
5608.5
5620.9
5624.7
5639.8
5641.6
5642.1
5665.0
5667.9
5671.4
5675.5
5689.2
5709.7
5710.3
5732.2
5732.7
5743.8
5761.5
5790.3
5796.0
5821.7
5831.3
5836.1
5848.4
5852.0
5852.4
5852.6
5886.9
5889.9
5892.8
5898.2
5908.2
5909.1
5931.2
5932.2
5932.3
5935.0
5938.9
5964.8
5968.9
5972.9
5975.8
5979.3
5982.3
5985.3
6023.2
6050.0
6051.8
6060.4
6064.1
6066.2
6066.2
6080.0
6087.6
6097.3
6104.5
6119.3
6145.7
6145.8
6145.9
6149.6
6177.0
6203.5
6227.0
6233.5
6238.6
6263.3
6278.4
6285.2
6299.3
6327.2
6340.9
6345.6
6346.6
6351.4
6356.3
6388.5
6389.2
6403.0
6405.3
6419.6
6443.9
6453.4
6457.6
6460.1
6461.4
6466.9
6470.5
6487.8
6493.4
6518.5
6533.8
6538.2
6545.0
6588.6
6604.5
6621.8
6634.7
6658.0
6671.0
6675.8
6676.1
6688.7
6692.6
6700.1
6709.9
6719.3
6722.5
6727.5
6732.5
6746.7
6763.0
6769.3
6782.1
6805.7
6811.8
6812.0
6822.5
6835.3
6838.1
6857.8
6863.2
6866.9
6875.6
6875.8
6878.3
6886.7
6891.8
6900.5
6930.6
6937.8
6943.2
6946.7
6968.4
7007.6
7013.0
7020.0
7024.1
7028.4
7029.5
7056.1
7062.2
7077.4
7078.4
7108.9
7115.6
7137.0
7151.8
7166.1
7184.2
7215.5
7225.5
7229.5
7251.6
7256.6
7288.4
7290.8
7293.4
7300.0
7318.8
7323.5
7377.3
7393.1
7442.8
7457.8
7458.9
7459.2
7474.7
7493.0
7494.5
7526.0
7528.7
7532.1
7532.8
7538.9
7558.0
7576.6
7640.5
7652.9
7665.8
7688.5
7721.2
7722.1
7740.4
7758.8
7806.1
7818.2
7850.1
7864.1
7872.7
7874.7
7907.0
7909.4
7910.4
7922.6
7928.7
7937.2
7937.2
7953.7
7964.7
7969.2
7985.7
7991.5
7993.0
8000.4
8015.5
8052.1
8054.9
8056.0
8065.7
8066.5
8070.9
8085.1
8094.9
8129.2
8129.6
8154.6
8155.7
8163.1
8192.1
8193.7
8208.9
8243.4
8260.2
8287.4
8302.7
8305.1
8309.5
8338.6
8346.8
8373.8
8374.0
8392.5
8398.7
8404.3
8423.6
8426.2
8455.1
8472.3
8477.7
8481.7
8484.2
8489.6
8495.8
8501.5
8506.9
8513.0
8521.5
8550.3
8554.6
8556.5
8559.8
8564.0
8574.1
8620.3
8622.8
8628.3
8631.5
8647.0
8648.9
8687.8
8692.5
8695.6
8702.4
8730.9
8733.8
8735.7
8748.6
8753.5
8772.1
8772.2
8791.2
8801.8
8820.6
8821.7
8827.9
8880.6
8889.0
8921.3
8922.3
8934.6
8940.2
8970.2
8983.5
8991.3
9009.2
9011.8
9029.8
9063.0
9078.1
9080.6
9090.9
9164.3
9164.7
9177.7
9180.5
9181.7
9207.8
9208.5
9209.7
9209.8
9211.3
9213.3
9231.2
9236.4
9247.0
9273.4
9299.2
9304.1
9305.9
9307.3
9330.1
9351.3
9394.7
9395.7
9416.0
9460.7
9489.4
9496.0
9499.1
9503.1
9512.5
9524.2
9528.7
9534.4
9540.0
9542.0
9544.1
9575.8
9576.3
9602.9
9610.5
9613.6
9623.3
9630.2
9636.1
9649.9
9651.7
9675.4
9682.1
9691.1
9693.7
9697.3
9799.9
9804.1
9826.3
9839.3
9864.8
9898.6
9934.9
9950.8
10016.9
10020.1
10034.7
10039.8
10041.5
10058.7
10060.6
10065.4
10083.9
10104.7
10135.3
10160.0
10210.1
10215.7
10283.8
10326.5
10357.5
10380.8
10386.4
10388.5
10390.9
10425.4
10427.8
10440.6
10442.3
10455.9
10474.2
10501.7
10527.1
10553.8
10571.8
10574.0
10606.2
10622.3
10634.9
10645.4
10651.7
10672.2
10710.1
10761.0
10793.9
10841.1
10874.8
10888.0
10895.4
10906.6
10909.4
10911.9
10989.2
11019.6
11030.2
11038.9
11046.8
11054.9
11073.1
11080.5
11092.4
11109.3
11147.2
11168.1
11197.6
11212.8
11238.3
11260.8
11262.4
11318.3
11386.2
11424.2
11425.2
11441.1
11447.2
11447.5
11473.0
11507.1
11536.0
11557.0
11594.7
11645.3
11649.0
11680.5
11705.8
11714.0
11754.0
11788.0
11788.8
11831.6
11900.0
11916.5
11941.5
11952.8
11994.5
12009.6
12074.6
12091.2
12196.5
12215.6
12220.0
12222.6
12332.0
12365.4
12395.9
12420.5
12420.6
12433.7
12437.8
12473.5
12473.6
12493.4
12522.4
12544.4
12591.7
12593.4
12600.6
12620.2
12624.6
12628.4
12648.4
12654.0
12782.5
12794.5
12810.9
12820.3
12823.1
12842.4
12881.4
12900.2
12933.4
13127.3
13131.4
13142.6
13184.5
13238.5
13269.8
13292.8
13302.2
13339.6
13410.9
13501.2
13535.5
13548.8
13605.9
13634.4
13676.7
13685.1
13781.5
14004.4
14038.7
14043.6
14186.3
14253.2
14384.6
14492.4
14570.2
14596.4
14642.9
14783.4
14976.2
15008.4
15213.8
15374.5
15555.2
15566.5
15824.3
16002.4
16181.0
16419.5
17607.0
17761.7
17789.5
17987.0
18527.0
18824.9
18870.3
19023.8
19201.0
19757.6
20099.0
