236.2
252.6
309.6
329.2
338.6
380.5
383.1
391.7
402.0
403.6
424.1
432.7
436.0
456.0
472.7
484.4
492.0
504.0
518.9
532.3
534.1
548.8
562.8
564.7
582.3
585.0
586.6
590.1
601.6
605.6
607.0
623.0
623.1
633.0
634.6
642.2
647.1
649.5
655.7
664.2
665.9
667.7
670.2
682.1
689.0
690.7
694.3
697.5
703.5
706.3
709.7
712.8
719.1
730.9
742.3
742.6
743.7
745.7
746.4
746.7
748.8
761.7
762.3
763.7
766.9
767.2
768.0
773.8
775.3
783.2
785.1
785.8
794.3
795.5
797.2
799.4
799.8
806.2
808.6
810.5
814.3
816.3
820.5
822.6
836.2
838.3
838.7
851.4
862.8
863.8
871.2
872.5
874.3
890.8
891.8
892.4
911.2
916.8
917.7
918.9
919.4
927.4
930.2
930.9
943.0
945.0
947.2
951.8
953.4
967.0
971.0
977.5
986.0
988.0
993.7
999.8
1006.0
1009.9
1010.0
1010.1
1011.6
1012.9
1016.7
1017.8
1035.4
1038.6
1053.1
1059.9
1065.8
1065.8
1066.1
1066.5
1067.3
1067.5
1068.3
1072.0
1073.4
1074.3
1076.7
1080.0
1081.0
1092.8
1108.3
1111.6
1115.5
1117.5
1119.7
1135.3
1135.4
1153.6
1157.5
1166.8
1167.5
1169.2
1173.6
1175.6
1178.7
1178.9
1183.5
1185.9
1186.2
1187.8
1192.6
1216.1
1238.2
1253.0
1260.2
1273.5
1278.7
1280.4
1282.5
1282.8
1287.6
1297.8
1298.8
1303.7
1305.0
1310.1
1312.8
1312.9
1317.5
1327.7
1328.5
1333.6
1336.4
1343.0
1345.5
1351.9
1356.0
1358.3
1358.5
1361.4
1362.0
1364.9
1366.8
1370.5
1379.8
1382.1
1384.0
1392.8
1401.8
1404.6
1405.9
1409.1
1411.8
1419.1
1419.7
1423.2
1430.9
1431.8
1434.8
1437.6
1444.9
1447.5
1458.5
1466.7
1467.8
1479.0
1480.5
1482.5
1487.5
1488.0
1490.3
1491.9
1495.3
1507.3
1507.5
1509.0
1511.8
1512.5
1515.2
1515.8
1520.3
1522.6
1523.9
1532.6
1535.6
1537.2
1538.6
1540.8
1546.7
1551.8
1553.0
1553.2
1564.3
1565.6
1565.6
1566.5
1575.4
1581.9
1586.6
1589.7
1590.2
1590.7
1598.2
1600.9
1605.9
1610.8
1611.8
1612.2
1619.9
1620.3
1620.8
1621.2
1623.2
1626.2
1634.6
1636.3
1639.4
1644.4
1649.2
1660.6
1665.5
1667.3
1675.0
1686.2
1686.7
1691.1
1701.8
1709.1
1709.2
1710.2
1717.2
1718.9
1728.4
1732.9
1736.0
1738.5
1745.9
1752.0
1754.0
1755.0
1759.1
1759.7
1765.3
1765.8
1770.8
1772.7
1778.9
1779.3
1781.2
1781.8
1782.9
1787.0
1803.1
1809.7
1813.0
1813.8
1816.7
1820.3
1822.3
1831.5
1832.0
1838.3
1858.5
1861.7
1861.8
1865.6
1867.0
1868.2
1875.7
1881.6
1883.9
1884.7
1888.0
1888.4
1890.8
1896.0
1897.5
1902.2
1907.9
1917.3
1925.5
1926.6
1926.6
1927.2
1938.7
1942.7
1946.6
1948.1
1950.4
1956.6
1963.5
1969.8
1972.3
1977.1
1978.4
1981.2
1985.3
1986.9
1988.1
1990.4
2002.2
2005.4
2009.5
2023.4
2028.4
2036.6
2037.5
2040.5
2042.4
2049.4
2050.6
2064.2
2065.1
2069.6
2069.7
2070.1
2074.3
2075.3
2079.6
2080.6
2094.8
2107.7
2111.7
2127.0
2131.0
2133.2
2134.0
2135.9
2149.9
2154.3
2159.2
2164.0
2174.0
2175.9
2183.3
2184.3
2186.0
2191.8
2195.4
2202.6
2203.7
2207.3
2207.6
2207.9
2209.4
2211.2
2220.7
2221.2
2224.7
2230.7
2231.7
2235.1
2237.6
2242.3
2259.6
2260.0
2261.4
2266.9
2272.4
2279.4
2294.1
2305.5
2305.8
2310.4
2310.4
2327.3
2334.4
2338.8
2346.4
2347.2
2347.3
2350.5
2354.1
2358.4
2366.0
2366.0
2371.8
2375.7
2382.8
2385.7
2388.7
2400.7
2402.6
2409.7
2412.3
2412.9
2416.9
2418.6
2433.7
2435.4
2441.1
2445.3
2449.6
2453.0
2471.1
2485.3
2491.5
2494.1
2501.7
2505.7
2512.3
2512.6
2532.2
2549.3
2550.1
2554.8
2569.4
2572.1
2573.1
2575.2
2576.6
2577.3
2580.3
2580.7
2584.4
2584.7
2585.2
2585.7
2592.6
2613.2
2617.3
2620.7
2624.0
2633.5
2640.8
2641.3
2643.3
2645.0
2647.6
2650.1
2652.2
2657.5
2658.6
2660.4
2672.8
2674.3
2676.0
2678.4
2680.0
2683.5
2685.5
2700.1
2702.2
2702.7
2709.5
2713.4
2718.1
2733.3
2740.1
2741.3
2741.6
2744.3
2747.8
2777.6
2777.6
2777.8
2779.5
2780.6
2787.2
2790.1
2796.0
2796.4
2797.6
2805.7
2808.8
2810.9
2817.8
2818.0
2834.1
2840.5
2842.6
2847.3
2849.5
2856.4
2857.6
2861.0
2865.2
2871.0
2875.0
2878.0
2878.3
2879.3
2884.8
2903.2
2904.7
2909.3
2919.2
2926.6
2935.4
2935.6
2937.0
2940.4
2942.3
2955.7
2967.2
2973.4
2988.7
2993.3
2999.8
3011.5
3018.0
3018.6
3021.5
3025.1
3025.9
3033.0
3040.0
3042.8
3049.8
3062.7
3063.3
3068.8
3071.7
3072.7
3075.4
3083.3
3087.9
3094.8
3100.8
3105.5
3107.7
3108.0
3108.6
3113.3
3117.0
3118.8
3130.7
3133.6
3138.1
3139.3
3153.7
3155.7
3160.2
3163.1
3167.9
3168.6
3168.6
3169.8
3172.3
3177.9
3183.5
3192.8
3200.6
3203.2
3205.7
3209.2
3213.5
3216.2
3217.5
3224.6
3226.8
3228.5
3242.0
3244.2
3258.1
3262.3
3262.6
3263.5
3269.1
3280.0
3281.3
3283.2
3290.3
3291.3
3294.8
3312.8
3313.3
3316.2
3319.1
3332.5
3338.0
3342.4
3344.3
3348.5
3351.6
3353.4
3353.5
3354.5
3358.5
3361.9
3362.5
3395.6
3404.0
3409.8
3416.3
3417.8
3421.8
3436.5
3448.3
3453.5
3454.3
3461.7
3468.5
3469.0
3469.9
3474.6
3488.7
3491.4
3495.2
3496.8
3501.8
3509.6
3518.2
3518.7
3526.3
3546.0
3558.5
3563.5
3571.7
3600.6
3602.6
3603.9
3604.5
3619.0
3621.7
3636.1
3639.4
3639.9
3640.6
3640.9
3648.6
3673.4
3675.4
3687.3
3694.8
3700.1
3701.3
3710.2
3718.1
3722.5
3731.4
3733.9
3734.4
3734.6
3742.7
3744.8
3745.9
3762.1
3782.2
3785.8
3796.0
3804.1
3804.4
3831.5
3838.1
3847.0
3856.9
3857.6
3864.3
3865.1
3870.8
3872.7
3873.4
3881.4
3887.3
3925.2
3929.2
3959.1
3967.7
3971.0
3987.8
4001.8
4009.7
4026.9
4032.4
4042.6
4048.8
4054.7
4054.9
4055.1
4058.3
4058.5
4065.4
4081.7
4085.2
4097.7
4100.5
4110.9
4116.9
4134.4
4138.4
4139.7
4146.7
4153.4
4154.3
4157.4
4160.7
4162.3
4174.1
4183.3
4190.7
4206.3
4220.3
4222.7
4231.7
4235.7
4239.3
4242.0
4268.5
4293.2
4296.1
4310.0
4310.6
4313.3
4314.7
4320.5
4323.2
4328.3
4332.5
4339.2
4346.9
4354.6
4355.9
4359.3
4363.1
4388.2
4389.2
4389.6
4398.8
4401.0
4406.9
4411.3
4413.0
4415.1
4417.2
4427.4
4428.9
4430.7
4430.7
4434.2
4446.5
4452.2
4465.7
4466.0
4469.2
4480.6
4484.9
4485.5
4494.3
4496.0
4503.5
4504.8
4510.4
4524.8
4528.0
4534.1
4540.4
4545.4
4557.5
4559.3
4560.8
4569.6
4576.5
4594.1
4609.3
4623.8
4643.9
4660.0
4664.7
4677.1
4680.4
4681.0
4686.6
4688.9
4706.9
4712.7
4716.2
4727.9
4736.2
4738.2
4745.0
4748.8
4761.8
4781.7
4801.2
4808.6
4817.6
4822.9
4823.4
4825.4
4827.2
4829.3
4861.3
4868.2
4870.8
4876.8
4897.0
4905.5
4917.4
4923.8
4940.1
4948.1
4960.8
4974.8
4979.6
5016.5
5017.1
5018.0
5059.4
5062.3
5072.7
5091.3
5096.8
5100.4
5110.7
5116.9
5129.7
5152.9
5157.8
5159.7
5169.3
5189.2
5201.7
5206.0
5216.1
5245.4
5253.1
5256.6
5287.9
5302.1
5307.6
5310.4
5330.1
5341.4
5361.2
5388.2
5406.8
5421.2
5443.1
5447.3
5454.7
5504.4
5518.3
5528.6
5531.8
5549.8
5569.9
5588.3
5609.3
5612.4
5633.6
5642.8
5646.4
5660.5
5682.7
5750.9
5757.1
5764.0
5778.6
5783.2
5786.0
5794.3
5804.3
5810.8
5815.0
5853.3
5854.3
5921.0
5936.5
5954.3
5954.6
5979.1
6048.6
6081.7
6117.0
6118.1
6173.4
6202.7
6212.5
6229.7
6247.8
6280.2
6322.2
6331.4
6341.8
6342.8
6349.8
6354.4
6362.5
6380.7
6381.8
6396.6
6474.9
6488.2
6490.8
6521.2
6532.5
6533.1
6547.0
6568.5
6581.1
6596.0
6599.9
6600.5
6640.7
6641.3
6665.9
6727.7
6766.6
6816.9
6842.3
6886.0
6913.5
6945.8
6948.8
6953.5
7065.8
7078.9
7154.0
7161.9
7220.5
7249.9
7295.7
7331.7
7355.9
7443.9
7568.5
7571.4
7614.6
7655.3
7703.3
7890.0
7939.4
7976.7
8237.7
8246.4
8257.3
8299.1
8311.7
8340.6
8415.4
8436.8
8559.3
8569.3
8634.0
8706.1
8713.0
8803.0
8821.2
8946.1
8965.8
9034.2
9063.2
9599.5
9837.1
9896.8
10104.5
10146.5
