1978.2
2080.1
2110.2
2171.8
2430.2
2432.2
2444.3
2444.8
2453.0
2585.5
2588.0
2588.6
2589.6
2623.6
2634.8
2688.5
2701.8
2723.7
2839.6
2850.8
2861.8
2929.1
2985.0
2994.1
3016.9
3080.7
3105.5
3152.1
3165.2
3202.0
3236.5
3259.2
3268.9
3282.8
3284.2
3324.3
3329.3
3355.8
3382.5
3390.1
3435.0
3493.0
3546.4
3551.3
3556.1
3560.2
3563.3
3593.5
3643.8
3652.0
3668.5
3680.5
3695.0
3697.5
3733.0
3821.3
3844.0
3847.5
3886.0
3895.7
3951.0
3966.0
3969.3
3986.4
4014.1
4014.9
4015.9
4023.4
4062.9
4077.8
4085.6
4184.6
4185.4
4268.3
4312.0
4327.5
4365.5
4405.1
4405.5
4413.6
4424.4
4486.1
4496.8
4498.2
4506.5
4511.1
4530.0
4537.6
4557.7
4566.9
4589.5
4590.1
4592.7
4669.1
4704.8
4706.9
4746.9
4750.9
4760.8
4785.0
4795.8
4880.8
4919.5
4921.6
4921.6
4931.2
4931.5
4939.1
4970.6
4978.1
4992.3
5020.0
5032.3
5060.4
5064.5
5095.3
5107.7
5175.1
5309.5
5316.3
5370.3
5394.6
5441.8
5443.2
5517.7
5541.2
5592.7
5679.2
5718.2
5731.8
5748.7
5817.6
5848.5
5850.6
5914.8
6017.4
6083.5
6152.2
6157.9
6174.9
6288.6
6301.9
6302.6
6371.3
6375.8
6394.8
6416.0
6454.9
6522.0
6540.3
6567.3
6573.0
6594.9
6658.3
6663.2
6665.7
6668.0
6682.6
6750.0
6785.6
6807.4
6812.0
6830.2
6865.8
6868.4
6941.0
6945.3
6963.0
7046.5
7094.0
7096.5
7102.3
7107.5
7278.6
7309.4
7342.2
7370.5
7386.3
7435.6
7453.7
7485.7
7495.2
7537.6
7540.6
7563.7
7569.2
7571.3
7652.9
7696.3
7704.2
7716.6
7733.7
7757.5
7837.4
7872.3
7926.7
7966.8
8009.9
8145.3
8186.0
8283.3
8320.7
8329.5
8354.2
8431.0
8432.4
8469.4
8493.9
8530.9
8565.7
8594.0
8625.4
8696.7
8698.3
8705.3
8713.0
8764.3
8809.6
8846.3
8854.2
8878.8
8920.9
8952.3
9060.0
9094.3
9143.5
9147.2
9147.8
9176.2
9218.0
9227.6
9231.1
9234.5
9274.7
9298.8
9356.1
9374.7
9410.7
9422.2
9424.2
9451.4
9521.1
9547.0
9555.2
9659.5
9688.7
9710.4
9728.4
9770.1
9785.5
9787.1
9842.0
9845.8
9854.7
9860.2
9877.8
9884.7
9906.6
9948.7
9954.5
9992.6
10042.3
10058.8
10077.5
10105.0
10131.9
10254.0
10357.1
10361.1
10366.0
10384.3
10387.5
10390.0
10429.1
10449.2
10478.0
10526.1
10565.6
10575.5
10585.2
10590.6
10602.1
10636.5
10643.3
10674.4
10774.2
10775.4
10845.7
10847.9
10901.0
10916.1
10938.0
10999.6
11094.9
11142.2
11156.6
11166.5
11178.4
11237.9
11273.7
11274.8
11334.9
11411.7
11426.7
11448.2
11473.5
11502.3
11551.3
11574.6
11594.1
11655.3
11700.2
11737.9
11745.9
11776.5
11799.3
11801.8
11805.5
11824.4
11833.8
11836.7
11859.7
11876.3
11905.5
11928.0
11930.0
11952.9
11994.7
12008.3
12059.5
12178.6
12203.6
12265.9
12274.0
12285.5
12286.0
12303.8
12331.6
12333.6
12373.8
12408.3
12425.1
12428.4
12448.3
12537.1
12539.2
12542.3
12544.2
12586.6
12593.2
12635.1
12691.8
12713.0
12716.5
12733.2
12769.9
12772.4
12845.0
12845.9
12855.0
12922.1
12946.8
12955.8
12962.3
12989.2
13016.1
13024.2
13024.7
13035.1
13109.8
13113.5
13157.7
13158.9
13181.9
13212.7
13222.6
13246.9
13247.3
13259.5
13276.2
13277.5
13416.2
13422.7
13443.2
13459.1
13478.5
13496.3
13535.9
13610.0
13625.2
13625.7
13642.9
13723.9
13744.2
13815.7
13837.4
13854.7
13864.0
13864.7
13876.8
14019.1
14034.1
14039.9
14082.5
14100.8
14107.6
14116.8
14121.9
14130.2
14131.8
14187.2
14188.5
14192.6
14228.0
14239.3
14306.0
14311.5
14341.8
14362.8
14376.4
14384.1
14393.9
14423.8
14474.3
14551.3
14571.3
14633.8
14676.8
14679.6
14692.1
14756.4
14860.2
14869.4
14891.7
14942.9
14981.7
14986.4
14999.5
15012.9
15035.5
15043.9
15069.7
15070.5
15091.7
15152.2
15165.8
15208.1
15294.4
15323.1
15336.7
15397.7
15427.4
15427.7
15448.4
15452.1
15478.0
15520.6
15520.9
15522.2
15546.5
15557.2
15592.6
15604.9
15645.1
15673.5
15682.0
15688.5
15700.5
15764.6
15769.0
15775.4
15791.9
15802.0
15812.5
15817.8
15901.5
15902.7
15935.6
15942.4
15953.0
15959.4
15980.3
15992.9
16006.8
16013.5
16015.8
16032.5
16048.4
16050.7
16073.0
16081.9
16094.2
16101.5
16102.9
16110.9
16239.7
16273.8
16410.5
16421.5
16456.9
16458.4
16458.6
16507.6
16530.0
16551.3
16564.2
16569.5
16612.2
16655.7
16679.8
16682.5
16696.8
16713.6
16729.2
16734.9
16737.6
16740.4
16742.0
16773.4
16774.1
16775.0
16788.5
16975.9
17051.8
17093.2
17097.8
17113.8
17141.5
17142.0
17163.7
17196.5
17207.4
17207.9
17211.7
17215.4
17266.1
17270.2
17283.0
17283.4
17322.0
17392.2
17424.8
17459.2
17477.8
17485.8
17577.5
17586.5
17587.5
17592.3
17725.4
17735.6
17788.3
17789.2
17807.9
17819.4
17875.4
17876.9
17878.3
17909.3
17953.7
17955.7
18046.8
18085.9
18088.8
18089.1
18097.3
18158.2
18186.5
18194.1
18207.0
18233.2
18303.9
18334.3
18376.3
18420.3
18459.4
18469.7
18528.1
18620.2
18629.5
18689.7
18707.8
18730.2
18758.5
18775.3
18830.1
18833.7
18840.9
18841.7
18928.9
19013.1
19035.9
19061.0
19077.7
19088.7
19103.3
19157.7
19161.4
19168.3
19187.0
19272.1
19294.5
19354.7
19374.6
19379.8
19387.7
19396.0
19401.2
19402.4
19453.6
19454.7
19491.3
19513.0
19586.0
19625.9
19652.2
19862.7
19862.8
19906.6
19910.0
19913.6
19923.8
19925.7
19928.6
19950.7
19970.4
19971.9
20118.4
20157.9
20166.7
20219.8
20281.0
20282.0
20330.3
20337.1
20358.6
20380.5
20382.7
20438.5
20453.1
20478.8
20510.8
20713.2
20858.9
20894.4
20923.6
20990.3
21130.6
21182.5
21277.6
21345.5
21405.0
21407.0
21417.1
21439.3
21468.3
21484.2
21486.0
21573.1
21660.6
21661.2
21756.6
21761.3
21780.6
21819.2
21874.7
21901.7
21907.0
21927.5
21936.7
21999.8
22059.5
22071.9
22139.2
22149.2
22149.8
22150.3
22153.2
22217.8
22284.4
22349.4
22352.2
22380.8
22405.3
22446.8
22472.0
22483.7
22513.7
22545.2
22545.8
22559.2
22604.3
22606.3
22610.9
22644.3
22714.4
22751.6
22761.8
22818.6
22827.3
22870.9
22881.2
22885.5
22924.0
22960.5
23095.3
23095.4
23100.5
23103.6
23186.1
23209.3
23254.2
23255.9
23354.2
23366.7
23374.9
23385.9
23391.0
23392.1
23455.4
23571.0
23648.2
23664.1
23672.7
23673.9
23687.7
23751.8
23778.7
23812.5
23816.8
23858.3
23960.1
24034.9
24077.3
24128.4
24153.8
24478.5
24627.5
24630.1
24661.3
24731.2
24777.5
24812.5
24828.1
24921.2
24939.6
24977.9
25017.7
25034.7
25137.6
25145.7
25151.6
25166.2
25171.7
25184.7
25218.9
25287.0
25377.3
25381.2
25439.9
25467.2
25556.0
25566.0
25578.0
25602.6
25612.6
25644.7
25729.9
25797.4
25859.4
25871.6
25907.3
25926.9
25951.1
25959.5
26009.2
26025.3
26241.8
26247.5
26353.8
26360.2
26507.2
26534.6
26599.3
26615.3
26629.5
26693.7
26764.0
26780.6
26992.6
27018.0
27140.1
27184.0
27184.1
27204.6
27232.5
27299.9
27366.8
27370.8
27378.1
27395.8
27437.2
27537.5
27591.4
27598.7
27634.5
28046.9
28074.9
28201.7
28282.2
28357.5
28458.9
28579.9
28682.3
28728.7
28762.2
28798.8
28814.1
28918.9
28928.8
28957.3
29026.1
29027.1
29046.7
29097.4
29144.2
29454.8
29472.0
29479.6
29552.3
29577.2
29604.2
29615.9
29625.9
29804.3
29838.7
29862.5
29877.5
29906.7
29908.6
30111.5
30196.6
30211.8
30329.8
30397.5
30510.2
30535.1
30560.2
30564.9
30731.3
30743.6
30794.3
30835.6
30864.3
30886.5
30925.5
30933.8
30941.9
30981.4
31046.4
31076.8
31170.1
31214.2
31274.8
31298.1
31441.4
31516.9
31517.9
31640.8
31731.6
31749.1
31768.8
31800.4
31820.7
32173.3
32188.1
32235.9
32288.2
32324.8
32523.1
32587.1
32601.3
32610.7
32679.5
33276.3
33707.5
33876.4
33931.5
33969.0
34100.9
34158.0
34185.3
34319.6
34450.2
34463.0
34472.6
34520.3
34583.5
34590.0
34612.6
34652.6
34787.8
34803.4
34963.3
35320.7
35413.8
35456.9
35463.9
35495.3
35525.3
35556.7
35671.5
35680.3
35728.2
35742.6
35760.0
35799.9
35822.5
35838.0
36016.3
36169.9
36187.2
36343.8
36588.6
36914.9
37038.0
37305.0
37350.9
37377.7
37545.0
37769.6
37822.3
37908.0
38084.3
38146.1
38249.7
38680.8
38853.4
39226.9
39237.5
39306.0
39316.5
39322.7
39531.8
39847.7
39917.0
40414.1
40473.0
40616.9
40727.0
40755.5
40841.5
40868.0
40869.5
40905.9
41125.2
41285.8
41318.4
41406.8
41571.9
41599.0
41601.5
41961.6
42003.3
42007.3
42317.5
42481.9
42788.9
43412.2
43682.8
43784.8
44044.0
44566.7
44635.0
44642.8
44884.7
44968.2
45088.3
45796.7
45954.7
46429.8
46869.5
47417.5
48406.5
48594.8
49346.5
49595.2
49801.4
50574.5
50672.5
50748.8
52787.0
53179.9
53264.7
53535.0
54226.7
55294.7
58899.0
62337.4
69280.6
