1842.3
2144.8
2363.9
2372.1
2419.5
2518.8
2528.5
2564.7
2601.7
2614.8
2728.8
2732.2
2778.5
2786.4
2837.1
2861.8
2887.0
2908.9
2925.2
2933.8
2958.0
2999.6
3010.9
3027.9
3080.4
3162.7
3248.9
3251.9
3253.5
3308.0
3324.4
3336.7
3372.8
3389.7
3418.6
3420.0
3423.0
3425.7
3513.2
3523.3
3528.4
3575.1
3578.4
3588.7
3597.3
3619.2
3623.2
3629.1
3643.3
3659.7
3679.4
3707.3
3724.3
3727.3
3732.3
3747.5
3768.8
3772.3
3781.5
3782.2
3789.5
3794.6
3813.6
3817.8
3820.4
3822.7
3835.1
3880.5
3891.6
3907.1
3940.0
3981.8
3982.0
3998.6
4001.7
4029.1
4040.5
4109.6
4110.1
4133.7
4150.0
4150.9
4178.2
4190.1
4203.6
4240.2
4240.2
4241.3
4269.3
4273.8
4292.6
4295.7
4297.6
4300.7
4336.8
4346.9
4366.9
4394.5
4412.0
4452.6
4469.7
4470.1
4480.7
4488.3
4504.4
4508.9
4525.6
4590.8
4646.8
4707.7
4770.3
4806.4
4831.5
4831.6
4854.1
4869.6
4891.6
4908.0
4913.2
4943.0
4945.4
4953.8
4971.1
4981.9
5033.6
5064.2
5096.5
5102.5
5106.9
5137.7
5179.6
5185.5
5225.5
5236.7
5239.1
5247.2
5270.8
5273.4
5299.1
5349.5
5391.0
5418.3
5428.4
5439.2
5439.3
5439.9
5461.5
5481.1
5507.9
5531.7
5542.5
5578.9
5602.2
5658.8
5665.8
5687.0
5702.0
5724.2
5728.1
5737.2
5746.8
5809.7
5821.5
5824.8
5892.3
5937.2
5974.9
6028.6
6037.5
6043.5
6056.6
6069.5
6152.8
6163.7
6232.6
6236.6
6263.2
6273.0
6328.6
6338.6
6368.6
6479.2
6509.4
6634.9
6635.5
6651.8
6673.1
6690.7
6697.3
6762.4
6789.7
6800.0
6803.4
6805.8
6826.2
6845.1
6845.4
6846.1
6887.8
6910.9
6975.7
7084.5
7089.0
7119.7
7161.0
7165.2
7214.6
7225.0
7309.6
7337.3
7355.7
7416.8
7427.5
7469.8
7517.8
7553.5
7616.2
7641.0
7646.4
7659.2
7660.6
7723.0
7806.5
7877.4
7883.4
7939.8
7950.4
7978.9
8018.9
8054.8
8088.5
8101.9
8135.6
8169.0
8198.2
8229.9
8251.4
8276.1
8366.2
8420.2
8471.3
8576.4
8618.0
8636.9
8646.8
8761.9
8864.4
8909.2
9079.5
9122.0
9151.0
9198.4
9205.3
9227.1
9284.8
9290.5
9302.7
9363.5
9421.2
9520.8
9577.6
9581.0
9618.7
9657.9
9668.0
9674.0
9732.8
9737.1
9834.8
9877.8
9882.8
9921.9
9931.8
9941.5
9958.5
9972.0
9983.0
10007.6
10036.7
10058.2
10075.5
10123.0
10236.9
10263.5
10280.2
10295.3
10390.2
10445.5
10491.4
10514.0
10519.1
10523.7
10545.2
10549.6
10631.4
10674.3
10695.5
10696.5
10746.2
10796.3
10830.9
10922.2
11076.0
11106.8
11112.6
11194.3
11195.0
11198.6
11209.3
11225.0
11241.6
11307.6
11364.8
11389.1
11407.8
11430.7
11475.5
11523.1
11574.4
11580.7
11608.8
11650.1
11712.0
11722.8
11730.0
11772.3
11780.6
11813.8
11829.7
11855.1
11859.5
11993.8
12004.9
12077.7
12089.7
12122.0
12181.2
12187.1
12190.8
12235.9
12263.2
12302.8
12352.9
12371.6
12384.3
12402.7
12449.2
12483.5
12532.0
12544.2
12573.2
12593.2
12593.4
12601.6
12608.7
12609.3
12621.2
12664.1
12667.1
12682.9
12717.8
12719.8
12735.7
12799.8
12801.9
12820.4
12845.6
12897.2
12913.4
12975.0
13035.1
13116.8
13125.1
13229.5
13269.2
13282.7
13298.6
13332.5
13339.2
13361.2
13622.1
13662.5
13707.1
13717.8
13743.0
13768.9
13781.9
13865.3
13867.1
13925.0
13966.9
13967.7
14012.0
14040.7
14057.2
14147.3
14198.4
14202.0
14274.7
14320.9
14361.5
14401.9
14441.4
14481.4
14498.2
14501.1
14507.3
14533.1
14550.7
14555.1
14572.1
14572.8
14641.8
14657.9
14666.6
14685.7
14715.7
14764.2
14782.8
14798.6
14809.2
14824.3
14917.1
14931.3
14947.2
14955.0
14955.1
14990.4
15004.2
15046.8
15064.1
15068.8
15130.9
15140.0
15183.1
15244.7
15273.2
15302.9
15309.6
15354.2
15370.4
15409.9
15428.2
15440.0
15441.9
15491.4
15492.5
15505.8
15514.0
15521.2
15563.5
15594.6
15617.9
15632.0
15673.0
15739.6
15751.0
15763.9
15770.7
15780.5
15788.1
15813.6
15825.2
15863.0
15989.7
16011.2
16029.2
16050.3
16054.8
16072.6
16072.9
16127.5
16292.4
16305.0
16305.8
16321.0
16351.0
16476.4
16485.0
16519.1
16549.2
16550.7
16568.0
16579.5
16640.6
16648.4
16657.9
16685.3
16698.8
16726.6
16732.6
16794.5
16802.2
16809.0
16812.6
16837.0
16863.2
16873.4
16892.8
16911.3
16912.3
16948.0
16959.5
17036.8
17077.7
17099.2
17100.2
17106.4
17111.3
17132.6
17139.5
17167.4
17183.8
17197.7
17201.8
17234.8
17265.6
17267.3
17290.0
17300.3
17312.4
17322.0
17325.6
17367.1
17443.3
17465.0
17500.4
17535.3
17536.1
17537.6
17621.8
17625.6
17627.2
17669.6
17675.3
17703.0
17712.1
17740.9
17746.0
17794.5
17832.5
17839.3
17865.7
17873.3
17876.9
17893.8
17902.4
17907.9
17922.2
17947.2
17987.4
17994.6
18065.1
18116.9
18149.5
18162.1
18219.7
18228.0
18242.5
18251.2
18269.3
18270.9
18301.5
18315.7
18316.7
18349.2
18408.5
18479.8
18489.6
18492.4
18516.7
18528.0
18554.3
18568.1
18578.0
18672.0
18673.0
18701.9
18716.2
18743.2
18743.8
18782.9
18797.8
18801.8
18806.5
18960.8
18964.1
18971.7
18976.5
19054.6
19055.2
19066.6
19115.1
19157.4
19171.5
19231.6
19248.2
19426.8
19459.9
19523.2
19593.5
19609.2
19629.2
19634.6
19676.6
19696.3
19752.8
19774.7
19779.8
19787.3
19815.9
19815.9
19820.0
19839.5
19839.6
19860.4
19950.4
19991.0
20016.0
20027.8
20106.0
20119.3
20153.8
20197.5
20273.8
20293.2
20381.4
20493.2
20523.1
20563.4
20596.2
20600.8
20635.6
20636.2
20711.4
20716.8
20718.0
20764.8
20793.2
20800.3
20849.8
20893.0
20922.9
20935.8
20943.4
20962.9
21022.9
21063.0
21097.5
21144.5
21144.8
21175.2
21214.4
21252.4
21271.0
21276.4
21298.6
21332.2
21341.2
21342.4
21409.8
21513.9
21559.2
21811.9
21980.2
21999.9
22033.1
22034.8
22047.2
22056.4
22097.9
22155.4
22221.0
22230.2
22278.6
22296.9
22312.1
22334.7
22366.2
22403.1
22404.9
22445.0
22541.0
22548.4
22626.5
22740.1
22876.8
22898.2
22959.2
22987.5
23040.2
23045.8
23137.1
23144.0
23148.4
23158.0
23230.2
23233.7
23242.5
23350.1
23353.9
23398.6
23548.9
23573.5
23582.5
23600.3
23640.7
23666.2
23668.1
23676.8
23803.9
23832.5
23869.6
23872.8
23873.3
23891.3
23912.9
23932.8
23968.7
24036.5
24093.5
24147.1
24167.3
24170.7
24210.5
24211.9
24289.3
24308.5
24316.0
24356.2
24356.4
24437.9
24490.7
24504.3
24529.8
24579.8
24590.8
24596.4
24713.6
24734.5
24751.9
24786.5
24848.5
24997.9
25009.5
25031.3
25107.8
25124.9
25157.9
25218.8
25233.1
25392.2
25394.5
25452.9
25477.7
25483.2
25628.4
25633.1
25697.2
25704.4
25764.0
25767.2
25888.8
25944.8
25966.4
26157.5
26161.7
26199.2
26254.8
26255.2
26342.6
26361.3
26381.3
26392.5
26620.2
26790.5
26809.4
26817.9
26824.5
26887.3
26926.4
26967.8
26983.4
26997.5
26998.0
27041.1
27182.2
27200.3
27200.8
27208.1
27268.2
27278.9
27364.8
27381.6
27463.0
27579.4
27602.8
27791.1
27823.1
27869.1
27983.7
27983.7
28069.5
28128.1
28191.7
28257.4
28338.5
28353.2
28404.1
28541.6
28620.9
28631.7
28694.7
28769.1
28771.3
28852.8
28870.5
28870.9
28923.6
28965.4
29009.9
29085.2
29113.8
29278.2
29348.0
29373.5
29478.8
29545.5
29547.8
29560.9
29588.2
29640.2
29654.0
29719.1
29748.4
29817.2
29866.0
29870.9
29889.6
29906.0
30006.1
30023.0
30064.9
30092.6
30192.3
30208.8
30434.9
30545.5
30750.9
30757.7
30765.0
30804.7
30889.8
31042.8
31084.0
31093.1
31139.9
31153.1
31166.0
31220.4
31388.0
31407.6
31597.6
31617.1
31708.8
31855.7
31905.2
32290.5
32346.2
32575.0
32634.2
32635.4
32680.4
32705.6
32740.2
32847.8
32852.4
32962.3
33006.7
33010.5
33039.5
33081.7
33110.0
33261.9
33293.0
33329.2
33434.8
33928.8
34048.9
34278.5
34286.9
34370.0
34377.1
34452.3
34474.3
34502.6
34504.8
34590.4
34860.9
34894.1
35016.3
35220.0
35227.4
35259.1
35336.8
35342.5
35371.4
35393.9
35398.9
35863.1
35926.2
35980.1
36318.4
36369.3
36396.7
36500.9
36588.3
36871.8
36916.3
36926.4
37156.8
37438.7
37496.3
37526.2
37764.0
37972.5
38209.3
38217.1
38370.1
38469.1
38483.2
38495.5
38657.2
38779.3
38879.8
39044.7
39086.7
39138.1
39283.8
39365.7
39392.3
39400.3
39564.5
39624.0
39842.7
39868.5
40218.4
40270.6
40409.8
40555.8
40687.3
40690.7
41198.2
41582.6
41931.5
42028.1
42166.5
42225.6
42330.2
42333.0
42458.9
42504.1
42650.5
43040.1
43198.7
43251.3
43336.1
43341.9
43383.2
43722.8
43850.4
44163.5
45115.0
45238.5
45319.4
45731.4
45819.4
46113.7
46239.0
46835.0
47119.0
47368.0
47660.7
47663.9
47668.1
47786.5
48608.4
49180.2
52214.4
52232.1
53116.4
53712.8
54842.7
55548.1
56232.5
58186.4
60766.9
62620.9
63459.5
71729.7
