304.6
334.6
342.7
369.0
374.5
376.2
388.5
391.8
392.0
420.5
435.2
436.3
455.1
464.4
467.7
469.1
472.6
481.7
490.9
496.8
499.9
505.7
506.1
526.8
529.2
532.4
542.2
550.5
574.7
577.4
580.2
584.9
589.0
596.6
605.8
613.6
618.3
630.2
637.8
641.1
666.3
668.4
669.2
672.1
676.4
683.8
684.1
699.9
702.6
706.5
708.0
713.9
717.6
720.2
723.1
728.1
734.8
738.0
739.7
740.0
747.5
747.5
747.8
764.8
765.5
776.8
784.0
784.8
785.5
788.8
791.8
793.4
795.3
801.8
816.3
817.0
817.4
819.4
822.5
824.0
825.5
843.5
845.9
846.0
858.3
860.1
861.3
862.4
892.3
892.7
904.2
916.8
926.8
932.7
942.1
944.6
947.8
951.3
959.0
961.7
962.0
963.1
964.5
964.9
984.2
984.7
985.3
994.2
995.1
995.8
997.5
1000.5
1006.7
1010.5
1016.5
1020.5
1020.6
1024.2
1025.0
1027.0
1032.0
1039.5
1040.8
1043.0
1056.7
1057.7
1059.7
1062.2
1091.6
1106.2
1114.3
1127.5
1133.5
1134.4
1137.9
1140.5
1145.0
1146.6
1153.6
1157.6
1158.4
1165.2
1173.7
1174.3
1176.3
1179.9
1181.7
1182.7
1187.0
1187.9
1191.6
1193.1
1205.6
1215.5
1224.8
1225.3
1225.5
1228.5
1230.4
1237.5
1251.9
1264.6
1271.0
1273.2
1273.2
1274.4
1274.5
1280.0
1288.7
1299.5
1300.8
1300.8
1301.6
1308.6
1311.0
1319.7
1325.5
1333.6
1335.7
1343.6
1349.1
1358.2
1361.9
1363.0
1368.1
1376.8
1378.0
1382.5
1385.5
1385.8
1387.5
1388.5
1388.7
1388.9
1393.3
1396.0
1401.9
1405.0
1409.3
1410.0
1412.2
1414.2
1418.5
1420.9
1422.3
1424.5
1436.6
1455.7
1456.2
1458.3
1467.8
1468.1
1481.2
1482.4
1485.6
1489.0
1505.0
1509.0
1509.8
1510.1
1517.4
1518.0
1521.2
1527.8
1530.6
1534.7
1539.1
1540.4
1541.8
1542.0
1545.0
1546.4
1546.5
1556.7
1563.6
1564.2
1567.8
1577.9
1578.4
1581.7
1585.4
1589.7
1603.7
1604.3
1606.4
1607.5
1610.3
1614.7
1625.1
1630.1
1631.8
1637.6
1663.8
1668.5
1671.5
1672.0
1673.6
1674.0
1674.1
1676.4
1690.2
1691.7
1692.6
1693.1
1700.3
1700.9
1706.8
1707.0
1711.3
1733.9
1746.2
1751.8
1766.8
1769.0
1771.4
1784.1
1785.3
1795.6
1795.9
1798.0
1800.6
1800.8
1810.9
1812.0
1821.7
1836.5
1843.2
1845.6
1847.0
1848.6
1851.3
1851.6
1852.2
1857.3
1860.1
1867.6
1875.7
1876.8
1879.3
1886.9
1902.2
1902.9
1910.4
1912.4
1927.6
1928.8
1929.3
1931.4
1939.5
1941.0
1946.9
1964.6
1966.0
1966.3
1981.7
1981.9
1989.3
1990.7
1995.7
1997.7
1999.3
2003.9
2006.1
2012.3
2015.8
2016.9
2017.4
2019.3
2021.2
2029.0
2033.8
2034.3
2034.8
2036.9
2037.2
2045.2
2060.8
2063.5
2065.4
2069.1
2069.5
2078.5
2080.2
2086.1
2099.6
2101.3
2101.8
2102.8
2109.3
2111.0
2113.5
2121.5
2122.9
2123.1
2128.2
2133.6
2133.7
2134.5
2138.0
2147.8
2158.1
2162.8
2169.0
2176.2
2181.2
2181.5
2184.5
2184.8
2193.0
2194.0
2196.7
2199.3
2216.6
2218.4
2220.4
2223.3
2226.7
2239.4
2247.2
2247.6
2252.5
2253.7
2262.2
2265.4
2268.0
2271.0
2275.8
2278.8
2289.0
2289.0
2289.2
2290.6
2300.5
2306.0
2314.9
2318.5
2320.0
2326.3
2349.8
2353.6
2359.2
2359.9
2365.0
2367.3
2374.5
2390.3
2390.9
2393.0
2403.7
2413.6
2418.9
2420.1
2420.5
2428.5
2432.7
2441.6
2442.5
2443.3
2460.6
2464.9
2468.4
2472.8
2483.4
2492.1
2496.8
2497.5
2500.5
2502.3
2504.0
2513.8
2514.1
2520.9
2522.0
2527.4
2528.0
2530.6
2540.6
2546.0
2554.0
2555.4
2556.7
2560.6
2563.7
2570.5
2572.4
2573.6
2583.6
2589.5
2590.3
2611.5
2619.8
2626.6
2631.2
2631.3
2635.8
2640.9
2644.7
2651.1
2651.4
2656.0
2661.9
2683.0
2685.4
2686.6
2700.6
2707.0
2711.1
2718.9
2719.1
2720.0
2720.2
2729.2
2737.5
2741.6
2747.8
2750.0
2751.2
2755.7
2777.7
2777.9
2780.5
2785.4
2792.3
2796.9
2813.0
2820.4
2829.6
2829.8
2833.5
2841.1
2841.5
2849.8
2857.5
2863.3
2867.5
2874.1
2874.8
2879.2
2880.9
2881.8
2885.2
2887.1
2893.4
2895.4
2897.0
2899.4
2903.1
2907.2
2920.7
2930.1
2935.0
2942.2
2944.2
2946.8
2949.3
2954.7
2955.2
2957.7
2962.8
2971.2
2978.7
2986.6
2991.5
3001.5
3032.1
3044.7
3046.9
3059.0
3064.5
3079.2
3091.8
3092.2
3095.3
3095.3
3097.0
3098.5
3116.2
3123.2
3127.6
3128.0
3131.2
3151.7
3153.2
3154.3
3154.7
3156.9
3160.9
3161.0
3161.9
3164.3
3170.8
3183.5
3187.3
3195.7
3196.1
3200.3
3208.5
3209.4
3226.3
3226.3
3229.5
3229.8
3233.6
3245.3
3248.0
3251.4
3252.2
3264.7
3265.5
3266.9
3268.5
3272.7
3272.8
3277.5
3287.0
3292.3
3310.7
3313.3
3314.4
3320.3
3320.7
3335.0
3342.0
3344.6
3349.2
3357.4
3359.3
3361.9
3366.1
3374.2
3379.5
3387.5
3390.1
3407.9
3416.0
3424.9
3429.6
3431.2
3435.6
3437.2
3444.6
3456.7
3460.4
3466.2
3471.1
3471.8
3483.1
3515.0
3535.5
3545.5
3546.6
3551.6
3556.0
3557.2
3566.4
3568.5
3571.9
3572.0
3572.3
3590.6
3598.4
3604.3
3636.0
3657.9
3661.1
3662.2
3664.4
3664.5
3686.2
3701.8
3709.5
3711.4
3712.1
3720.3
3726.2
3726.8
3727.1
3751.0
3757.5
3758.0
3761.0
3766.1
3768.7
3769.2
3772.8
3789.8
3792.0
3796.4
3809.7
3810.0
3827.4
3829.7
3829.8
3840.2
3841.1
3842.7
3846.3
3848.5
3861.0
3861.0
3862.4
3862.7
3863.8
3880.3
3887.5
3909.5
3913.4
3916.0
3924.7
3927.0
3955.0
3956.4
3956.9
3974.7
3977.1
3980.9
3980.9
3982.5
4002.6
4015.3
4019.9
4033.4
4034.0
4074.7
4081.2
4081.7
4084.4
4087.6
4087.6
4096.5
4099.3
4106.2
4107.8
4109.7
4130.7
4138.2
4151.0
4157.2
4221.3
4222.8
4224.4
4226.7
4228.2
4260.5
4261.9
4266.7
4267.6
4273.2
4296.3
4310.9
4315.8
4318.0
4323.9
4325.5
4334.9
4336.0
4338.7
4376.0
4377.0
4385.3
4385.8
4395.5
4395.7
4396.7
4398.7
4401.4
4404.1
4406.2
4410.4
4413.1
4415.5
4416.8
4424.8
4436.2
4449.8
4451.0
4451.4
4469.8
4473.1
4474.5
4482.7
4485.6
4506.8
4510.2
4518.0
4521.0
4528.3
4540.2
4540.6
4542.3
4545.0
4557.9
4573.9
4577.3
4596.4
4598.6
4635.2
4643.5
4655.7
4662.0
4675.6
4677.4
4679.1
4680.0
4682.8
4683.3
4697.2
4705.9
4710.7
4729.6
4730.1
4739.6
4747.2
4762.4
4769.7
4773.8
4774.4
4777.7
4778.2
4801.5
4804.7
4814.3
4814.3
4833.7
4839.9
4844.0
4846.3
4857.6
4869.4
4871.0
4880.9
4888.3
4898.4
4910.5
4914.2
4925.0
4953.3
4955.3
4976.4
4992.0
4993.2
5004.9
5011.8
5013.1
5017.8
5024.7
5027.9
5041.3
5052.7
5057.7
5059.5
5065.2
5078.5
5089.5
5095.9
5101.1
5111.6
5114.5
5126.6
5133.4
5133.9
5135.2
5143.8
5164.6
5165.0
5170.2
5186.1
5244.3
5250.0
5251.8
5251.8
5253.2
5277.0
5289.1
5292.5
5308.5
5311.8
5331.1
5390.6
5401.1
5402.5
5406.7
5413.4
5421.2
5428.5
5429.4
5434.7
5461.9
5465.5
5472.0
5481.1
5482.1
5492.8
5494.7
5494.9
5499.7
5508.3
5522.2
5528.8
5549.0
5558.1
5605.5
5607.6
5628.9
5629.9
5638.5
5657.1
5657.8
5681.8
5684.0
5699.6
5726.9
5778.3
5805.1
5805.4
5808.0
5811.5
5818.9
5819.1
5824.7
5840.4
5877.1
5879.8
5884.1
5889.9
5894.1
5909.3
5917.2
5921.4
5934.4
5947.5
5957.6
6003.6
6013.5
6014.0
6034.1
6114.6
6138.4
6160.7
6185.2
6197.8
6222.0
6262.4
6280.3
6294.1
6302.1
6370.0
6387.5
6411.4
6432.8
6434.1
6446.0
6462.9
6475.2
6479.6
6484.7
6485.7
6500.2
6516.9
6536.2
6536.5
6555.5
6586.8
6586.9
6597.9
6620.1
6655.4
6745.3
6750.7
6755.6
6756.5
6785.9
6803.0
6806.3
6847.9
6873.4
6891.0
6898.2
6910.0
6951.2
6956.5
6960.2
6972.8
6996.8
6999.4
7001.6
7050.1
7054.4
7109.4
7112.5
7174.0
7273.8
7299.1
7418.0
7458.9
7489.0
7498.4
7508.6
7569.2
7622.2
7638.1
7702.5
7718.8
7723.9
7801.5
7856.1
7879.0
7914.8
7943.0
7948.7
7978.1
7982.8
8050.2
8090.2
8170.6
8254.3
8315.0
8398.0
8407.6
8605.0
8661.5
8695.7
8926.3
8957.9
9037.7
9070.6
9106.7
9129.9
9226.0
9362.2
9721.2
9806.4
9822.7
9937.6
10150.0
10437.0
10884.4
11366.1
12421.9
13296.9
