155.6
235.0
269.4
282.5
308.4
332.9
365.6
371.2
389.2
403.1
417.7
445.4
449.0
460.9
485.8
487.2
495.5
503.4
506.7
510.7
515.9
518.7
525.9
535.4
544.3
575.2
585.1
585.3
597.4
612.0
619.8
620.6
649.4
649.6
655.2
665.3
667.2
672.1
676.3
679.6
681.2
690.6
693.0
696.0
696.3
697.1
700.7
707.6
711.1
720.2
721.3
722.2
729.7
730.3
738.2
741.4
753.1
762.0
765.4
765.7
773.6
782.3
784.7
786.5
789.6
790.9
800.2
805.9
812.4
822.2
826.2
849.8
860.1
873.4
877.2
920.2
923.4
934.4
948.3
950.9
957.2
957.7
962.9
966.0
969.5
973.4
975.6
979.0
995.1
996.0
996.9
1003.6
1005.3
1006.8
1010.9
1013.4
1017.9
1018.4
1019.5
1021.2
1029.8
1032.6
1035.4
1036.5
1039.4
1041.2
1046.7
1047.7
1058.7
1062.7
1065.5
1067.1
1070.1
1074.0
1075.7
1076.4
1083.5
1085.7
1092.7
1093.4
1100.8
1101.6
1104.2
1112.2
1117.7
1120.3
1124.0
1127.6
1142.2
1145.0
1155.7
1155.7
1160.5
1160.8
1164.2
1168.9
1176.4
1190.3
1191.3
1191.7
1192.4
1196.4
1197.0
1197.9
1199.6
1208.2
1216.6
1223.4
1225.2
1233.9
1235.6
1241.6
1244.8
1245.7
1251.6
1261.0
1268.8
1270.6
1270.9
1285.3
1288.5
1289.4
1292.2
1294.6
1295.7
1309.2
1311.2
1323.1
1325.1
1328.4
1330.2
1330.4
1330.7
1332.6
1333.9
1343.4
1343.6
1345.2
1346.0
1353.5
1363.9
1368.6
1368.7
1372.0
1380.5
1382.3
1386.1
1390.6
1391.7
1394.8
1404.8
1411.8
1420.4
1421.4
1424.8
1426.6
1437.7
1442.7
1443.6
1451.4
1457.0
1468.9
1481.8
1483.1
1488.7
1490.1
1500.1
1500.6
1509.6
1510.0
1510.5
1510.6
1511.0
1514.8
1519.5
1523.0
1533.2
1541.2
1544.2
1548.5
1554.6
1556.1
1558.5
1563.9
1568.4
1572.6
1575.4
1580.3
1582.0
1591.6
1599.5
1601.2
1605.3
1610.5
1611.0
1611.9
1614.3
1615.2
1619.7
1632.2
1642.0
1651.6
1652.0
1655.1
1655.6
1657.1
1660.2
1662.2
1672.6
1673.4
1674.9
1676.2
1678.2
1681.1
1686.4
1686.4
1691.3
1693.7
1708.6
1712.4
1717.7
1717.9
1719.1
1723.4
1724.3
1725.6
1727.1
1727.3
1731.8
1733.0
1737.5
1740.1
1742.7
1763.1
1764.5
1766.5
1768.9
1770.2
1774.0
1774.4
1776.1
1778.4
1780.7
1784.0
1786.5
1794.0
1801.4
1809.1
1814.0
1821.0
1822.4
1823.0
1823.8
1836.6
1852.8
1861.9
1862.3
1863.8
1866.1
1885.6
1893.7
1900.3
1919.3
1925.3
1927.6
1931.2
1937.5
1938.5
1947.5
1957.6
1958.0
1960.2
1964.2
1967.4
1968.4
1969.7
1972.0
1974.6
1978.4
1979.4
1981.9
1984.0
1988.2
1995.4
1998.6
2011.8
2015.2
2016.0
2017.0
2018.4
2026.9
2026.9
2030.8
2032.5
2035.1
2039.2
2040.8
2041.0
2049.4
2050.5
2054.1
2054.5
2058.9
2059.9
2060.5
2065.8
2079.8
2079.8
2085.2
2088.9
2089.6
2091.0
2094.9
2100.8
2104.2
2104.3
2109.7
2111.7
2115.1
2118.2
2121.6
2141.2
2144.5
2145.8
2149.9
2171.0
2172.6
2174.9
2176.9
2178.6
2179.8
2183.2
2184.0
2184.3
2185.9
2187.8
2189.6
2192.1
2193.9
2194.3
2205.0
2215.3
2219.0
2222.0
2245.1
2247.4
2252.3
2264.8
2265.7
2265.9
2273.4
2284.0
2285.8
2296.8
2298.8
2300.7
2303.0
2310.3
2319.4
2330.5
2332.8
2337.6
2343.1
2350.2
2354.8
2356.0
2358.2
2367.4
2367.4
2391.6
2392.2
2395.3
2395.3
2396.1
2405.1
2412.3
2413.8
2416.8
2422.1
2424.7
2427.3
2431.0
2431.1
2441.1
2442.4
2446.3
2448.6
2452.3
2453.2
2454.5
2467.5
2471.6
2475.2
2476.3
2477.6
2490.9
2497.0
2498.6
2498.7
2503.1
2504.6
2512.0
2512.6
2528.7
2529.4
2534.5
2539.7
2546.8
2550.6
2551.5
2552.2
2559.8
2561.6
2564.5
2568.5
2576.7
2582.1
2584.7
2596.3
2601.5
2604.3
2619.7
2623.2
2627.7
2636.4
2641.2
2643.7
2646.9
2659.0
2659.1
2659.4
2660.0
2661.4
2667.9
2677.4
2679.1
2684.1
2685.2
2687.6
2695.6
2702.3
2702.9
2707.3
2715.5
2724.0
2727.1
2728.3
2729.1
2737.0
2738.7
2744.5
2745.7
2756.4
2756.9
2758.9
2767.1
2767.8
2768.2
2781.1
2786.9
2787.5
2795.1
2816.4
2817.8
2820.0
2821.4
2825.0
2826.6
2828.1
2830.8
2830.8
2833.0
2845.3
2847.3
2851.9
2869.7
2876.0
2904.8
2911.4
2912.1
2913.6
2915.2
2916.1
2916.3
2919.8
2925.4
2926.5
2936.7
2937.5
2938.1
2939.2
2940.5
2942.4
2945.7
2949.9
2952.1
2953.4
2955.3
2962.7
2968.9
2969.2
2973.3
2976.6
2980.2
2987.6
3011.0
3021.0
3022.0
3041.4
3041.5
3044.1
3053.1
3060.6
3062.1
3064.0
3069.5
3070.8
3073.9
3076.9
3079.6
3081.1
3084.8
3086.3
3104.4
3113.9
3124.8
3130.6
3133.1
3143.5
3144.8
3174.5
3176.3
3190.8
3192.0
3192.6
3192.8
3194.6
3196.3
3196.8
3205.1
3206.0
3206.9
3209.3
3212.5
3225.2
3226.7
3230.6
3232.0
3232.3
3235.3
3257.2
3258.4
3261.0
3265.4
3265.6
3271.2
3274.8
3275.1
3276.8
3280.5
3281.2
3293.2
3297.9
3298.4
3299.0
3309.0
3311.3
3317.2
3318.6
3321.3
3322.4
3325.7
3326.2
3333.5
3340.4
3343.1
3349.8
3355.4
3364.3
3365.9
3386.5
3394.1
3394.1
3400.8
3401.9
3403.4
3410.7
3418.3
3419.1
3421.4
3426.3
3435.8
3444.3
3451.5
3483.0
3499.8
3500.2
3504.2
3522.5
3523.0
3523.3
3524.1
3533.9
3534.0
3555.4
3565.5
3568.3
3573.4
3574.9
3593.0
3596.0
3598.9
3609.3
3615.3
3629.9
3634.3
3638.8
3644.9
3665.2
3670.6
3683.0
3690.2
3700.1
3710.0
3713.0
3726.9
3730.3
3733.4
3739.0
3741.7
3749.0
3766.7
3767.2
3782.6
3792.5
3794.8
3795.4
3811.2
3812.4
3816.0
3818.6
3823.0
3838.3
3841.8
3853.9
3860.1
3860.9
3871.1
3876.1
3879.5
3885.8
3887.1
3896.2
3896.4
3898.7
3901.8
3902.6
3912.0
3913.0
3919.9
3925.7
3926.1
3927.0
3932.0
3932.2
3952.4
3955.2
3956.6
3969.7
3976.7
3981.0
3985.0
3985.2
3985.7
3988.6
3991.7
3998.2
3998.4
3999.8
4021.4
4023.1
4024.7
4029.6
4033.1
4035.8
4040.4
4049.6
4065.7
4071.4
4076.2
4078.8
4080.3
4100.3
4108.6
4113.4
4114.8
4118.4
4145.2
4158.4
4163.4
4173.9
4179.2
4181.0
4211.9
4228.6
4244.4
4265.7
4266.9
4268.7
4274.4
4276.1
4285.9
4288.5
4293.9
4294.6
4298.6
4303.2
4307.0
4311.3
4326.0
4330.8
4331.2
4346.9
4352.9
4368.2
4375.6
4390.7
4399.9
4405.0
4407.5
4422.4
4426.4
4441.0
4446.3
4462.5
4466.3
4472.5
4476.8
4480.4
4481.4
4494.8
4497.6
4499.9
4505.2
4522.3
4524.0
4531.1
4547.1
4571.4
4583.3
4600.3
4615.7
4622.3
4631.3
4648.9
4652.1
4655.1
4661.9
4663.8
4664.5
4686.8
4695.8
4715.7
4732.5
4743.9
4744.8
4745.5
4747.2
4777.0
4778.1
4783.2
4786.7
4799.8
4811.4
4842.7
4846.3
4846.9
4856.9
4857.0
4889.9
4914.5
4933.1
4960.7
5019.9
5021.1
5042.8
5048.1
5062.0
5062.4
5066.8
5075.5
5076.3
5092.4
5110.7
5135.6
5142.2
5171.4
5179.8
5185.5
5202.3
5207.0
5221.0
5225.0
5231.0
5233.4
5234.2
5239.4
5257.4
5277.4
5279.9
5284.7
5288.1
5316.1
5322.8
5344.9
5363.3
5425.3
5452.1
5471.1
5486.5
5523.1
5551.9
5556.7
5565.9
5569.1
5575.9
5577.1
5602.8
5611.9
5633.5
5659.4
5681.3
5682.4
5694.1
5695.9
5727.0
5732.7
5759.4
5809.4
5830.3
5858.4
5885.9
5892.5
5905.2
5921.6
5939.0
5945.3
5961.8
5989.5
6004.6
6011.1
6042.4
6085.2
6101.7
6105.0
6106.8
6135.4
6141.1
6207.0
6224.8
6274.8
6279.0
6289.0
6310.5
6331.2
6339.7
6341.7
6344.9
6348.1
6371.9
6389.2
6394.5
6412.8
6431.3
6434.5
6451.7
6473.4
6489.9
6499.1
6502.6
6538.8
6542.3
6580.4
6596.6
6623.9
6672.4
6763.4
6764.5
6790.7
6851.6
6875.2
6882.5
6905.7
6905.8
6913.6
6964.5
6977.9
7058.8
7079.0
7079.7
7130.1
7139.3
7141.2
7185.3
7189.8
7205.0
7232.0
7257.6
7311.8
7315.5
7316.1
7366.2
7420.6
7465.6
7476.6
7485.0
7555.1
7567.0
7568.8
7579.6
7599.4
7609.4
7612.1
7633.9
7648.4
7727.5
7732.2
7746.2
7762.9
7780.9
7788.0
7797.9
7845.9
7851.8
7866.2
7874.9
7898.3
7927.9
8002.0
8087.1
8192.7
8300.2
8338.3
8608.3
8618.8
9196.6
9257.9
9321.3
9368.3
9659.5
9697.8
9736.3
9741.7
10197.7
10218.7
10458.3
10700.3
11232.9
11341.7
12194.8
