20312.4
21264.3
22576.2
23475.5
23786.4
23845.3
24057.1
24063.4
24163.8
24302.1
24396.6
24630.7
24654.1
24672.4
24773.6
25202.1
25592.4
25974.1
26206.0
26329.7
26443.7
26450.8
26530.5
26701.1
26876.2
26893.6
27242.5
27595.9
27609.1
27633.7
27996.8
28097.2
28147.4
28159.4
28202.5
28274.9
28385.1
28478.3
28480.3
28495.6
28516.0
28571.0
28659.3
28948.8
29006.6
29036.5
29051.3
29099.4
29205.3
29230.7
29251.2
29272.4
29300.3
29316.4
29326.7
29442.8
29451.3
29517.0
29572.2
29589.4
29669.6
29681.9
29682.9
29744.1
29771.6
29776.5
29861.0
29951.6
29998.9
30000.3
30018.7
30146.2
30147.3
30174.0
30201.2
30225.0
30225.5
30257.4
30268.4
30334.1
30346.3
30382.9
30401.4
30440.3
30454.6
30479.3
30491.8
30500.0
30538.9
30540.2
30554.7
30666.1
30667.0
30707.4
30732.4
30736.2
30837.4
30892.8
30943.3
30969.5
31000.5
31106.6
31140.8
31151.3
31169.0
31181.8
31199.8
31238.9
31304.2
31409.8
31418.5
31425.3
31503.4
31516.8
31584.1
31588.5
31599.0
31629.4
31636.9
31680.8
31711.2
31714.2
31784.1
31789.6
31814.0
31927.2
31927.7
31938.0
31939.3
31953.4
31967.9
31987.2
32010.0
32034.7
32118.7
32134.5
32268.8
32294.3
32341.4
32376.4
32416.0
32467.1
32471.8
32512.7
32533.7
32551.4
32568.5
32589.5
32612.6
32617.2
32634.7
32640.9
32664.3
32694.9
32695.9
32716.1
32736.2
32738.6
32802.9
32822.7
32825.9
32850.8
32874.3
32878.4
32882.3
32888.9
32890.7
32895.1
32901.5
32908.8
32950.1
32993.8
33009.6
33030.3
33069.8
33073.9
33100.5
33116.2
33138.9
33147.4
33170.6
33177.1
33277.2
33279.0
33280.8
33323.2
33337.0
33373.3
33387.2
33409.1
33411.7
33430.3
33447.9
33471.7
33473.5
33482.5
33486.0
33503.4
33518.6
33541.2
33665.8
33701.6
33718.6
33757.9
33781.8
33786.7
33794.2
33834.8
33872.3
33889.8
33907.8
33920.9
33927.5
33930.1
33972.3
33992.4
34014.7
34026.5
34039.3
34039.9
34061.0
34088.3
34091.9
34095.3
34097.7
34131.0
34148.3
34209.3
34242.2
34245.4
34280.8
34291.7
34301.8
34318.0
34335.6
34377.2
34381.2
34391.3
34404.2
34405.8
34427.6
34443.5
34463.7
34483.7
34515.4
34529.0
34534.8
34543.5
34574.4
34577.0
34619.4
34631.1
34637.2
34638.3
34641.8
34658.2
34708.9
34728.7
34730.1
34746.1
34758.0
34781.7
34794.6
34796.8
34797.3
34823.3
34867.0
34875.4
34917.1
34918.2
34955.6
35035.4
35075.8
35084.7
35093.9
35127.4
35138.8
35148.9
35182.4
35190.3
35198.0
35200.5
35214.9
35221.8
35229.7
35289.7
35292.8
35296.2
35345.2
35398.2
35408.4
35414.2
35416.1
35418.3
35458.9
35463.0
35470.3
35509.5
35541.7
35556.4
35576.7
35598.4
35614.6
35629.5
35647.8
35701.0
35745.3
35767.2
35770.5
35804.7
35839.9
35844.1
35844.6
35848.0
35851.4
35861.7
35866.7
35895.5
35896.0
35935.8
35938.1
35939.4
36013.4
36028.6
36030.2
36062.7
36074.8
36117.6
36129.9
36143.2
36206.2
36228.1
36232.0
36239.4
36253.8
36263.3
36268.3
36268.6
36273.3
36314.6
36320.9
36325.7
36359.7
36379.6
36383.3
36392.2
36399.3
36440.6
36489.2
36494.8
36500.9
36504.5
36514.0
36519.0
36528.8
36530.5
36539.0
36607.3
36646.6
36673.6
36673.7
36719.3
36721.1
36725.3
36738.8
36741.4
36746.1
36759.4
36776.1
36782.0
36814.3
36814.7
36821.3
36831.4
36878.0
36896.1
36922.1
36923.8
36938.6
36953.6
36964.5
36966.2
37072.5
37072.7
37075.3
37127.8
37148.9
37179.5
37187.4
37203.5
37245.5
37252.5
37253.8
37285.9
37286.0
37287.3
37289.7
37290.3
37301.0
37301.5
37327.9
37422.5
37451.5
37475.8
37480.5
37541.4
37551.7
37561.3
37584.5
37629.8
37658.5
37674.4
37680.3
37680.9
37767.0
37811.4
37832.7
37846.0
37886.0
37915.5
37933.9
37971.3
37993.0
37994.8
38035.0
38036.2
38063.9
38073.5
38121.4
38133.2
38138.6
38149.8
38155.5
38199.8
38217.1
38227.3
38241.2
38247.9
38270.0
38312.6
38336.1
38394.0
38394.1
38407.5
38412.1
38421.9
38439.7
38463.6
38501.5
38533.9
38540.8
38588.5
38607.0
38630.3
38633.3
38635.5
38635.6
38641.0
38671.6
38677.4
38685.0
38741.9
38760.5
38766.4
38811.8
38881.0
38910.7
38937.5
38943.7
38951.9
39008.0
39068.7
39073.9
39079.3
39085.0
39096.3
39098.6
39111.0
39113.5
39113.8
39122.0
39131.5
39173.2
39175.3
39235.3
39237.9
39271.4
39271.7
39297.8
39322.7
39333.8
39338.4
39348.7
39352.5
39352.8
39364.8
39370.6
39373.5
39434.0
39456.7
39488.9
39503.0
39519.8
39520.1
39521.2
39528.8
39593.8
39619.2
39625.8
39695.2
39698.8
39714.3
39715.3
39723.2
39731.9
39744.1
39756.8
39773.2
39787.1
39798.1
39802.8
39818.3
39818.4
39834.5
39852.0
39885.0
39887.7
39897.7
39987.0
40080.8
40086.0
40090.1
40120.5
40124.8
40138.7
40161.0
40174.8
40181.3
40201.0
40249.5
40253.2
40273.1
40290.3
40303.3
40313.8
40340.4
40346.4
40354.7
40368.7
40376.6
40378.7
40388.0
40403.0
40422.6
40441.3
40460.3
40492.9
40495.1
40610.3
40617.9
40622.7
40640.1
40643.0
40654.0
40669.0
40690.4
40716.2
40717.8
40719.2
40726.5
40731.3
40749.3
40793.0
40795.6
40826.2
40842.0
40867.3
40880.6
40882.4
40894.4
40896.7
40907.9
40913.6
40924.6
40949.4
40950.2
41028.2
41039.6
41040.0
41056.1
41063.6
41065.7
41074.4
41088.4
41089.4
41091.5
41117.4
41167.6
41205.3
41207.8
41266.5
41268.1
41281.1
41289.4
41294.3
41327.0
41328.9
41330.0
41412.2
41464.0
41513.5
41527.6
41530.2
41544.2
41556.7
41608.0
41613.8
41625.3
41654.4
41696.0
41766.1
41801.9
41827.7
41848.2
41857.5
41865.4
41910.1
41927.6
41933.3
41996.3
41998.1
42022.6
42031.5
42031.9
42066.5
42081.2
42145.9
42148.2
42190.4
42200.3
42226.9
42233.5
42279.1
42354.5
42355.2
42375.2
42376.1
42420.0
42465.8
42500.8
42520.3
42520.6
42535.5
42554.0
42581.7
42614.3
42620.0
42682.4
42683.4
42717.5
42758.3
42798.5
42816.7
42846.3
42896.1
42962.7
42978.5
42993.0
43002.7
43048.7
43073.7
43084.3
43097.9
43121.3
43147.9
43213.8
43220.0
43234.3
43238.8
43246.6
43299.6
43311.4
43339.2
43362.7
43364.5
43403.4
43406.0
43419.7
43428.5
43454.6
43499.2
43525.7
43529.3
43530.3
43538.7
43538.9
43556.8
43579.0
43598.3
43606.3
43619.4
43671.6
43734.0
43767.9
43780.2
43837.9
43842.0
43943.2
43946.8
43965.4
43966.8
43971.2
43986.6
44038.6
44040.5
44043.4
44058.4
44068.5
44069.6
44180.0
44180.8
44204.6
44245.9
44259.7
44260.6
44261.9
44278.0
44388.9
44424.5
44450.9
44487.5
44501.3
44526.4
44543.1
44556.6
44579.9
44584.7
44592.9
44624.9
44642.5
44664.6
44721.2
44722.8
44725.6
44746.5
44751.8
44817.0
44820.7
44912.3
44918.1
44930.8
44961.2
44992.1
45039.4
45084.3
45121.9
45139.3
45211.6
45216.3
45257.0
45306.0
45323.3
45367.2
45382.1
45389.0
45431.6
45483.2
45488.2
45502.7
45508.8
45511.4
45524.0
45536.5
45561.7
45588.3
45654.7
45662.3
45669.5
45676.0
45689.3
45698.0
45751.3
45771.8
45789.4
45827.7
45860.2
45896.8
45992.1
46017.7
46032.2
46034.1
46059.6
46098.4
46102.9
46109.8
46175.0
46194.9
46224.4
46356.7
46366.2
46390.4
46418.6
46420.9
46436.7
46443.9
46467.6
46515.5
46520.0
46533.6
46557.2
46560.8
46569.5
46615.0
46618.1
46623.3
46664.3
46723.1
46791.5
46824.6
46825.0
46879.0
46884.0
46890.3
46895.2
46959.5
46974.0
46994.1
47052.8
47053.5
47057.7
47077.6
47137.5
47145.3
47199.9
47216.0
47228.7
47240.9
47253.8
47289.4
47348.1
47415.1
47425.7
47444.1
47456.5
47484.3
47498.8
47502.3
47665.7
47669.4
47691.2
47711.0
47712.8
47732.1
47823.3
47875.1
47936.7
48076.8
48082.7
48086.5
48093.5
48135.2
48159.8
48164.0
48168.2
48229.7
48243.8
48254.2
48296.1
48336.4
48406.2
48408.3
48434.5
48491.3
48521.6
48640.5
48709.2
48820.7
48899.1
49009.0
49015.8
49020.6
49080.2
49100.3
49166.0
49219.8
49222.6
49227.2
49241.3
49245.7
49261.5
49396.5
49434.5
49444.6
49489.5
49545.4
49548.2
49554.7
49632.6
49654.2
49654.8
49798.9
49817.8
49843.0
49882.3
49907.4
50028.9
50063.8
50113.9
50187.1
50187.4
50202.7
50280.7
50336.4
50371.1
50379.8
50416.7
50483.2
50519.3
50598.2
50663.9
50749.2
50937.7
50956.8
51047.3
51082.8
51173.1
51201.5
51298.4
51346.8
51364.7
51448.4
51459.3
51683.0
51746.3
51789.5
51837.2
51862.2
51974.1
52208.0
52239.3
52239.6
52250.0
52565.7
52665.7
52700.5
52768.5
52874.1
52977.3
53076.4
53284.1
53520.5
53682.6
53684.6
53840.7
53863.6
54086.7
54163.5
54172.1
54229.0
54253.0
54543.7
54762.1
54782.8
54835.3
55278.2
55333.0
55796.3
56021.8
56136.4
56169.1
56212.0
56238.2
56262.8
56736.6
57187.0
57341.4
57385.3
57396.8
57458.5
57480.3
57699.2
57756.5
57979.3
58035.5
58267.3
58295.7
58441.4
58961.3
59076.0
60397.5
60722.9
61372.5
61373.2
61772.9
61885.5
63410.9
66181.5
68166.7
69711.8
73059.1
